WayPoint_Count 1 

Leader Index 5 

Leader Contour 60.5 

Contour Threshold 90 

Previous Drone Positions [ 18.9  14.7  10.5   6.3   2.1  -2.1  -6.3 -10.5 -14.7 -18.9]_[-12. -12. -12. -12. -12. -12. -12. -12. -12. -12.] 

Mean Previous Drone Positions [0. 0. 0. 0. 0. 0. 0. 0. 0. 0.]_[-12. -12. -12. -12. -12. -12. -12. -12. -12. -12.] 

relative Drone Positions [ 18.9  14.7  10.5   6.3   2.1  -2.1  -6.3 -10.5 -14.7 -18.9]_[-0. -0. -0. -0.  0.  0.  0.  0.  0.  0.] 

current starting Drone Positions [ 18.9  14.7  10.5   6.3   2.1  -2.1  -6.3 -10.5 -14.7 -18.9]_[-12. -12. -12. -12. -12. -12. -12. -12. -12. -12.] 

scanning direction vector [0. 0. 0. 0. 0. 0. 0. 0. 0. 0.]_[2. 2. 2. 2. 2. 2. 2. 2. 2. 2.] 

changing back speed 0.3 

velocity vector [0. 0. 0. 0. 0. 0. 0. 0. 0. 0.]_[2. 2. 2. 2. 2. 2. 2. 2. 2. 2.] 

Moving Straight [ 18.9  14.7  10.5   6.3   2.1  -2.1  -6.3 -10.5 -14.7 -18.9]_[-10. -10. -10. -10. -10. -10. -10. -10. -10. -10.] 

drones next lat [48.33574753 48.3357472  48.33574687 48.33574654 48.33574621 48.33574588
 48.33574554 48.33574521 48.33574488 48.33574455] drones next lon [14.32690019 14.32684352 14.32678686 14.32673019 14.32667352 14.32661685
 14.32656018 14.32650351 14.32644685 14.32639018] 
WayPoint_Count 2 

Leader Index 5 

Leader Contour 102.5 

Contour Threshold 90 

Converging Before Rutherford Scattering [ 15.96222872  11.79811923   8.8083468    4.86298497  -0.85474937
  -2.18088545  -3.37190101  -7.57900506 -12.40760811 -16.79986715]_[-10.34725355  -9.56801496  -9.04872598  -9.17353287  -9.70258845
 -10.9967234   -9.62766647 -10.38957454 -10.95629858 -10.99497408] 

Minimum Distance Within Rutherford Scattering 4.2 

Converging After Rutherford Scattering [ 16.75269605  12.41827038   8.77695213   4.78242773   0.08575817
  -2.16206108  -4.1507316   -8.07730822 -12.70147016 -17.48686982]_[-10.47337062  -9.62734328  -8.81785868  -9.11049474  -8.99511461
 -12.62900154  -8.6407942  -10.46417749 -11.03374663 -11.01345111] 

drones next lat [48.33574311 48.33575037 48.33575737 48.33575442 48.33575509 48.33572222
 48.33575794 48.33574123 48.33573574 48.33573554] drones next lon [14.32687128 14.32681269 14.32676347 14.32670961 14.32664622 14.32661632
 14.32658902 14.32653626 14.32647393 14.32640936] 
WayPoint_Count 3 

Leader Index 4 

Leader Contour 110.0 

Contour Threshold 90 

Converging Before Rutherford Scattering [ 15.69235463  11.28843639   6.0216209    1.78633016   0.87753259
  -0.25531543  -1.56850109  -6.74977811 -11.72560205 -15.95176107]_[ -9.93380206  -9.02758527  -9.51350363  -9.1425403   -8.38430101
 -10.40885805  -7.99948767 -10.87760623 -10.75912604 -11.67734275] 

Minimum Distance Within Rutherford Scattering 4.2 

Converging After Rutherford Scattering [ 16.35697248  11.59194659   6.79181077   2.98312968   0.96395525
  -0.7960085   -2.85855398  -7.02086378 -11.96929069 -16.6277809 ]_[-10.03119257  -8.89080699  -9.60595504  -9.90230936  -6.67297978
 -11.85396181  -7.15631784 -11.11520665 -10.69006886 -11.80535408] 

drones next lat [48.33574705 48.33575694 48.33575012 48.33574716 48.33577605 48.3357293
 48.3357714  48.33573545 48.33573889 48.33572849] drones next lon [14.32686588 14.32680146 14.32673678 14.32668542 14.3266578  14.32663466
 14.32660628 14.32655059 14.32648377 14.32642105] 
WayPoint_Count 4 

Leader Index 4 

Leader Contour 86.5 

Contour Threshold 90 

Previous Drone Positions [ 16.35697248  11.59194659   6.79181077   2.98312968   0.96395525
  -0.7960085   -2.85855398  -7.02086378 -11.96929069 -16.6277809 ]_[-10.03119257  -8.89080699  -9.60595504  -9.90230936  -6.67297978
 -11.85396181  -7.15631784 -11.11520665 -10.69006886 -11.80535408] 

Mean Previous Drone Positions [-0.05846831 -0.05846831 -0.05846831 -0.05846831 -0.05846831 -0.05846831
 -0.05846831 -0.05846831 -0.05846831 -0.05846831]_[-9.7724153 -9.7724153 -9.7724153 -9.7724153 -9.7724153 -9.7724153
 -9.7724153 -9.7724153 -9.7724153 -9.7724153] 

relative Drone Positions [ 18.9  14.7  10.5   6.3   2.1  -2.1  -6.3 -10.5 -14.7 -18.9]_[-0. -0. -0. -0.  0.  0.  0.  0.  0.  0.] 

current starting Drone Positions [ 18.84153169  14.64153169  10.44153169   6.24153169   2.04153169
  -2.15846831  -6.35846831 -10.55846831 -14.75846831 -18.95846831]_[-9.7724153 -9.7724153 -9.7724153 -9.7724153 -9.7724153 -9.7724153
 -9.7724153 -9.7724153 -9.7724153 -9.7724153] 

scanning direction vector [0. 0. 0. 0. 0. 0. 0. 0. 0. 0.]_[2. 2. 2. 2. 2. 2. 2. 2. 2. 2.] 

changing back speed 0.3 

velocity vector [ 0.74536776  0.91487553  1.09491628  0.9775206   0.32327293 -0.40873794
 -1.0499743  -1.06128136 -0.83675329 -0.69920622]_[2.07763318 1.73551751 1.95006192 2.03896822 1.07016934 2.62446395
 1.21517076 2.4028374  2.27529607 2.60988164] 

Moving Straight [ 17.10234024  12.50682212   7.88672705   3.96065028   1.28722818
  -1.20474644  -3.90852828  -8.08214514 -12.80604397 -17.32698712]_[-7.95355939 -7.15528948 -7.65589312 -7.86334114 -5.60281044 -9.22949786
 -5.94114708 -8.71236924 -8.41477279 -9.19547245] 

drones next lat [48.3357658  48.33577262 48.33576775 48.33576558 48.3357857  48.33575288
 48.33578225 48.33575699 48.33575929 48.33575191] drones next lon [14.3268757  14.3268136  14.32675132 14.32669837 14.32666203 14.32662884
 14.32659197 14.32653598 14.32647221 14.32641131] 
WayPoint_Count 5 

Leader Index 4 

Leader Contour 84.5 

Contour Threshold 90 

Previous Drone Positions [ 17.10234024  12.50682212   7.88672705   3.96065028   1.28722818
  -1.20474644  -3.90852828  -8.08214514 -12.80604397 -17.32698712]_[-7.95355939 -7.15528948 -7.65589312 -7.86334114 -5.60281044 -9.22949786
 -5.94114708 -8.71236924 -8.41477279 -9.19547245] 

Mean Previous Drone Positions [-0.05846831 -0.05846831 -0.05846831 -0.05846831 -0.05846831 -0.05846831
 -0.05846831 -0.05846831 -0.05846831 -0.05846831]_[-7.7724153 -7.7724153 -7.7724153 -7.7724153 -7.7724153 -7.7724153
 -7.7724153 -7.7724153 -7.7724153 -7.7724153] 

relative Drone Positions [ 18.9  14.7  10.5   6.3   2.1  -2.1  -6.3 -10.5 -14.7 -18.9]_[-0. -0. -0. -0.  0.  0.  0.  0.  0.  0.] 

current starting Drone Positions [ 18.84153169  14.64153169  10.44153169   6.24153169   2.04153169
  -2.15846831  -6.35846831 -10.55846831 -14.75846831 -18.95846831]_[-7.7724153 -7.7724153 -7.7724153 -7.7724153 -7.7724153 -7.7724153
 -7.7724153 -7.7724153 -7.7724153 -7.7724153] 

scanning direction vector [0. 0. 0. 0. 0. 0. 0. 0. 0. 0.]_[2. 2. 2. 2. 2. 2. 2. 2. 2. 2.] 

changing back speed 0.3 

velocity vector [ 0.52175743  0.64041287  0.76644139  0.68426442  0.22629105 -0.28611656
 -0.73498201 -0.74289695 -0.5857273  -0.48944436]_[2.05434323 1.81486225 1.96504335 2.02727775 1.34911854 2.43712477
 1.45061953 2.28198618 2.19270725 2.42691714] 

Moving Straight [ 17.62409768  13.14723499   8.65316844   4.64491471   1.51351924
  -1.490863    -4.64351029  -8.82504209 -13.39177127 -17.81643148]_[-5.89921616 -5.34042723 -5.69084977 -5.83606339 -4.2536919  -6.79237309
 -4.49052754 -6.43038306 -6.22206555 -6.7685553 ] 

drones next lat [48.33578432 48.335789   48.33578549 48.33578387 48.33579786 48.33577478
 48.33579524 48.33577746 48.33577897 48.3357737 ] drones next lon [14.32688249 14.32682202 14.32676143 14.32670736 14.32666493 14.32662469
 14.32658188 14.32652569 14.32646405 14.32640441] 
WayPoint_Count 6 

Leader Index 2 

Leader Contour 72.0 

Contour Threshold 90 

Previous Drone Positions [ 17.62409768  13.14723499   8.65316844   4.64491471   1.51351924
  -1.490863    -4.64351029  -8.82504209 -13.39177127 -17.81643148]_[-5.89921616 -5.34042723 -5.69084977 -5.83606339 -4.2536919  -6.79237309
 -4.49052754 -6.43038306 -6.22206555 -6.7685553 ] 

Mean Previous Drone Positions [-0.05846831 -0.05846831 -0.05846831 -0.05846831 -0.05846831 -0.05846831
 -0.05846831 -0.05846831 -0.05846831 -0.05846831]_[-5.7724153 -5.7724153 -5.7724153 -5.7724153 -5.7724153 -5.7724153
 -5.7724153 -5.7724153 -5.7724153 -5.7724153] 

relative Drone Positions [ 18.9  14.7  10.5   6.3   2.1  -2.1  -6.3 -10.5 -14.7 -18.9]_[-0. -0. -0. -0.  0.  0.  0.  0.  0.  0.] 

current starting Drone Positions [ 18.84153169  14.64153169  10.44153169   6.24153169   2.04153169
  -2.15846831  -6.35846831 -10.55846831 -14.75846831 -18.95846831]_[-5.7724153 -5.7724153 -5.7724153 -5.7724153 -5.7724153 -5.7724153
 -5.7724153 -5.7724153 -5.7724153 -5.7724153] 

scanning direction vector [0. 0. 0. 0. 0. 0. 0. 0. 0. 0.]_[2. 2. 2. 2. 2. 2. 2. 2. 2. 2.] 

changing back speed 0.3 

velocity vector [ 0.3652302   0.44828901  0.53650898  0.4789851   0.15840374 -0.20028159
 -0.51448741 -0.52002787 -0.41000911 -0.34261105]_[2.03804026 1.87040358 1.97553034 2.01909443 1.54438298 2.30598734
 1.61543367 2.19739033 2.13489507 2.298842  ] 

Moving Straight [ 17.98932788  13.595524     9.18967742   5.1238998    1.67192297
  -1.69114459  -5.15799769  -9.34506996 -13.80178038 -18.15904253]_[-3.8611759  -3.47002365 -3.71531943 -3.81696896 -2.70930892 -4.48638575
 -2.87509387 -4.23299273 -4.08717047 -4.4697133 ] 

drones next lat [48.33580269 48.33580586 48.3358033  48.33580207 48.33581176 48.33579551
 48.33580973 48.33579718 48.33579814 48.33579436] drones next lon [14.32688718 14.32682785 14.32676843 14.32671359 14.32666688 14.32662171
 14.32657475 14.32651841 14.32645826 14.32639952] 
WayPoint_Count 7 

Leader Index 4 

Leader Contour 70.0 

Contour Threshold 90 

Previous Drone Positions [ 17.98932788  13.595524     9.18967742   5.1238998    1.67192297
  -1.69114459  -5.15799769  -9.34506996 -13.80178038 -18.15904253]_[-3.8611759  -3.47002365 -3.71531943 -3.81696896 -2.70930892 -4.48638575
 -2.87509387 -4.23299273 -4.08717047 -4.4697133 ] 

Mean Previous Drone Positions [-0.05846831 -0.05846831 -0.05846831 -0.05846831 -0.05846831 -0.05846831
 -0.05846831 -0.05846831 -0.05846831 -0.05846831]_[-3.7724153 -3.7724153 -3.7724153 -3.7724153 -3.7724153 -3.7724153
 -3.7724153 -3.7724153 -3.7724153 -3.7724153] 

relative Drone Positions [ 18.9  14.7  10.5   6.3   2.1  -2.1  -6.3 -10.5 -14.7 -18.9]_[-0. -0. -0. -0.  0.  0.  0.  0.  0.  0.] 

current starting Drone Positions [ 18.84153169  14.64153169  10.44153169   6.24153169   2.04153169
  -2.15846831  -6.35846831 -10.55846831 -14.75846831 -18.95846831]_[-3.7724153 -3.7724153 -3.7724153 -3.7724153 -3.7724153 -3.7724153
 -3.7724153 -3.7724153 -3.7724153 -3.7724153] 

scanning direction vector [0. 0. 0. 0. 0. 0. 0. 0. 0. 0.]_[2. 2. 2. 2. 2. 2. 2. 2. 2. 2.] 

changing back speed 0.3 

velocity vector [ 0.25566114  0.31380231  0.37555628  0.33528957  0.11088262 -0.14019711
 -0.36014118 -0.36401951 -0.28700638 -0.23982773]_[2.02662818 1.9092825  1.98287124 2.0133661  1.68106809 2.21419114
 1.73080357 2.13817323 2.09442655 2.2091894 ] 

Moving Straight [ 18.24498903  13.90932631   9.5652337    5.45918937   1.78280559
  -1.83134171  -5.51813888  -9.70908946 -14.08878676 -18.39887026]_[-1.83454772 -1.56074114 -1.73244819 -1.80360286 -1.02824083 -2.27219462
 -1.1442903  -2.0948195  -1.99274392 -2.2605239 ] 

drones next lat [48.33582094 48.33582306 48.33582117 48.33582021 48.33582689 48.33581542
 48.33582527 48.33581639 48.33581696 48.33581421] drones next lon [14.32689039 14.32683186 14.32677326 14.32671787 14.32666818 14.32661956
 14.32656968 14.32651325 14.32645414 14.32639602] 
WayPoint_Count 8 

Leader Index 4 

Leader Contour 99.5 

Contour Threshold 90 

Converging Before Rutherford Scattering [ 15.39481832  11.53681305   8.57316151   3.39902534   2.74420775
   0.63910503  -4.515353    -8.09730156 -12.65373599 -15.40509387]_[-1.21408573 -0.54574995 -1.53171232 -0.39621598 -0.7530938  -2.43638418
 -1.03460836 -0.98486228 -2.69906454 -2.20937937] 

Minimum Distance Within Rutherford Scattering 4.2 

Converging After Rutherford Scattering [ 16.27111859  12.06983128   8.56358433   4.80295034   1.95111901
  -0.05172417  -4.44778441  -8.50586183 -12.57374462 -16.46384195]_[-1.32364493 -0.15416692 -2.00984183  0.87429256 -0.76959343 -3.6211122
 -0.89345038 -0.75209637 -3.06470006 -2.09084293] 

drones next lat [48.33582538 48.33583557 48.3358186  48.33584425 48.33582923 48.33580342
 48.33582761 48.33582856 48.33580744 48.33581589] drones next lon [14.32686369 14.32680687 14.32675978 14.3267087  14.32667042 14.32664373
 14.32658409 14.32652932 14.32647471 14.32642211] 
WayPoint_Count 9 

Leader Index 4 

Leader Contour 96.0 

Contour Threshold 90 

Converging Before Rutherford Scattering [ 14.25677967  10.67174713   5.92119085   2.23663493   1.53242538
   1.85928908  -3.00842922  -7.05268626  -9.97169734 -15.21493958]_[-0.24644665 -1.07691057 -0.90486141  0.4278916   0.13853412 -1.33628826
 -0.02643583 -1.59269198 -3.53192388 -1.2817334 ] 

Minimum Distance Within Rutherford Scattering 4.2 

Converging After Rutherford Scattering [ 15.14152706  10.9991618    6.62660407   3.55917038   0.16778369
   1.94710636  -3.57418644  -7.31496131 -10.55967277 -15.76221819]_[-0.09645954 -1.26680927 -1.17823216  2.00014684  0.76457299 -3.14010365
  0.27561964 -1.49501861 -4.12146086 -1.17312162] 

drones next lat [48.33583633 48.33582547 48.33582593 48.33585428 48.33584289 48.33580791
 48.3358382  48.33582198 48.33579809 48.3358242 ] drones next lon [14.32684831 14.32679256 14.32673355 14.32669179 14.32664617 14.32667064
 14.32659574 14.32654548 14.32650201 14.32643147] 
WayPoint_Count 10 

Leader Index 4 

Leader Contour 141.0 

Contour Threshold 90 

Converging Before Rutherford Scattering [ 12.59793312   8.87410188   3.80565237   1.76612772  -0.74837331
   0.35460181  -0.68148087  -5.98638705  -7.9440003  -14.47288054]_[-0.81884651 -1.88536981 -0.17825803  2.3117987   1.1653926  -1.96635116
  0.95031549 -1.7271427  -3.89831723 -0.21361156] 

Minimum Distance Within Rutherford Scattering 4.2 

Converging After Rutherford Scattering [ 13.44160602   9.17833128   4.70175174   2.53644084  -2.02464421
   0.54100525  -0.92872233  -6.27305935  -8.68119714 -14.92621728]_[-0.69259596 -2.27023458 -0.39577866  3.64260574  3.44285603 -3.58167062
 -0.10819503 -1.44913723 -4.72844188 -0.11979803] 

drones next lat [48.33583083 48.3358163  48.33583281 48.33586897 48.33586681 48.33580382
 48.33583496 48.33582247 48.33579278 48.33583375] drones next lon [14.32682544 14.32676811 14.32670749 14.32667779 14.32661627 14.32665172
 14.32663148 14.32655953 14.32652743 14.32644262] 
WayPoint_Count 11 

Leader Index 5 

Leader Contour 169.0 

Contour Threshold 90 

Converging Before Rutherford Scattering [ 11.25337521   8.07201157   3.95901649   2.45650552  -0.50782466
  -0.2045216   -1.14266158  -3.52683744  -5.98604463 -12.08833278]_[-2.10128122 -2.0792096  -2.1461003   0.82305501  2.1210037  -4.2481462
 -2.06565704 -1.50006967 -3.77788505 -1.01998452] 

Minimum Distance Within Rutherford Scattering 4.2 

Converging After Rutherford Scattering [ 1.24147868e+01  8.49620077e+00  4.42849086e+00  3.13146859e+00
 -9.48484463e-01  1.24791833e-02 -9.99741839e-01 -4.66111142e+00
 -6.91968320e+00 -1.26697191e+01]_[-2.13237117 -2.15313415 -2.69429436  1.74536552  3.41310228 -5.84478473
 -1.96260547 -0.88790976 -4.55836812 -0.91927492] 

drones next lat [48.3358178  48.3358173  48.33581211 48.33585195 48.33586663 48.33578342
 48.33581827 48.33582765 48.33579445 48.33582673] drones next lon [14.32681176 14.32675889 14.32670407 14.32668604 14.3266308  14.32664486
 14.32663074 14.32658122 14.32655118 14.32647316] 
WayPoint_Count 12 

Leader Index 4 

Leader Contour 163.5 

Contour Threshold 90 

Converging Before Rutherford Scattering [  9.86875615   6.92264997   2.85265327   0.30896593  -0.54539443
  -1.1471485   -1.01319733  -4.04057881  -5.21457244 -11.7886633 ]_[-0.65045322 -0.14890057 -2.1603091   2.26383246  2.49794195 -3.55293747
 -0.96216732 -0.1012286  -2.09515795 -0.12503222] 

Minimum Distance Within Rutherford Scattering 4.2 

Converging After Rutherford Scattering [ 11.08190457   7.23654021   3.58745379   1.93679062  -1.71159618
  -1.20806727  -0.86727799  -5.00882077  -6.40426877 -12.43918771]_[-0.78813895  0.16590363 -2.8868824   2.99902037  4.14017626 -5.19693263
 -1.04508383  0.75068543 -3.11719275 -0.05596717] 

drones next lat [48.33582979 48.33583807 48.33581031 48.33586313 48.33587311 48.33578915
 48.33582653 48.33584236 48.33580745 48.33583452] drones next lon [14.32679362 14.32674162 14.32669275 14.32666978 14.32662042 14.32662832
 14.32663242 14.32657633 14.32655796 14.32647617] 
WayPoint_Count 13 

Leader Index 5 

Leader Contour 112.5 

Contour Threshold 90 

Converging Before Rutherford Scattering [ 10.15676346   4.90778796   2.46087018   0.59254752  -2.60248628
  -2.12579242  -1.21190173  -3.95557753  -5.45797115 -10.54766467]_[-1.17467726 -1.67429454 -4.4924287   0.35335559  2.08997489 -5.59414864
 -2.05489933 -1.93431192 -4.27386987 -1.88572204] 

Minimum Distance Within Rutherford Scattering 4.2 

Converging After Rutherford Scattering [ 10.92211896   5.76409014   3.1177028    1.35471125  -3.07039138
  -2.0847286   -0.88015222  -4.91126902  -6.59850096 -11.39700563]_[-1.09649634 -1.43709237 -5.44639365  1.42912559  3.40476496 -6.97598544
 -2.22327015 -1.32350166 -5.20708782 -1.76508493] 

drones next lat [48.335827   48.33582353 48.33578725 48.33584897 48.33586639 48.33577308
 48.33581593 48.33582371 48.33578864 48.33581922] drones next lon [14.3267915  14.32672194 14.32668671 14.32666211 14.32660217 14.3266167
 14.32663239 14.32657789 14.32655559 14.32649043] 
WayPoint_Count 14 

Leader Index 4 

Leader Contour 197.0 

Contour Threshold 90 

Converging Before Rutherford Scattering [ 9.98510246  3.06463099  2.50946635 -1.36742034 -2.75934186 -3.27355213
 -2.35488337 -4.81543729 -4.844709   -8.71757542]_[-0.73919962 -0.80120913 -2.96414093  2.68877717  4.35515867 -4.96357843
 -1.02156386  1.31699869 -3.26257992 -0.9076528 ] 

Minimum Distance Within Rutherford Scattering 4.2 

Converging After Rutherford Scattering [10.59543841  4.00578677  3.03737419 -0.3908902  -3.19789907 -2.96563094
 -1.99132452 -5.76784809 -5.93025428 -9.96847188]_[-0.71996809 -0.10045726 -4.16034887  3.20444253  6.04653701 -6.52752904
 -1.23661884  1.90164871 -3.79376006 -0.91293624] 

drones next lat [48.33583036 48.33583541 48.33579882 48.3358648  48.33589014 48.33577705
 48.33582472 48.33585265 48.3358014  48.335827  ] drones next lon [14.32678704 14.32669806 14.32668547 14.32663835 14.32660014 14.32660476
 14.32661728 14.32656595 14.32656444 14.32650961] 
WayPoint_Count 15 

Leader Index 4 

Leader Contour 122.0 

Contour Threshold 90 

Converging Before Rutherford Scattering [ 8.68407216  1.75150503  1.26541369 -1.11618803 -2.21500707 -3.61019254
 -1.74359652 -5.27542926 -6.33563813 -9.56402849]_[ 1.15415217  0.51741859 -1.76946147  5.36052663  6.23071988 -3.73364527
  1.55491855  4.42891213 -1.52681816  0.66038859] 

Minimum Distance Within Rutherford Scattering 4.2 

Converging After Rutherford Scattering [  9.33117136   2.83154366   1.76698897   0.20625758  -2.84577882
  -3.59252951  -1.96642781  -6.25272945  -6.97689964 -10.66068551]_[ 1.17705216  0.92987817 -3.0691565   5.72211667  7.98350831 -4.86308033
  1.35679249  4.86764469 -1.9904687   0.76282467] 

drones next lat [48.33584733 48.33584459 48.33580853 48.33588749 48.3359076  48.33579197
 48.33584805 48.3358793  48.33581754 48.33584202] drones next lon [14.32676976 14.32668209 14.3266682  14.32664611 14.32660466 14.3265961
 14.32661731 14.32655906 14.3265501  14.32650007] 
WayPoint_Count 16 

Leader Index 4 

Leader Contour 167.5 

Contour Threshold 90 

Converging Before Rutherford Scattering [ 8.09944466  1.97840713  1.54123769 -0.82991123 -3.78901004 -3.03379287
 -1.60881039 -4.48770434 -5.35844063 -8.30174789]_[ 1.29512351  3.40402938 -0.38471558  6.09168671  7.65137152 -1.96976901
  2.55537027  5.26012639  0.37900513  2.57608788] 

Minimum Distance Within Rutherford Scattering 4.2 

Converging After Rutherford Scattering [ 8.84491509  3.12851171  2.25404235 -0.09692414 -4.18054046 -3.02464866
 -1.55642147 -5.37554005 -6.14777496 -9.63594733]_[ 1.2051146   3.73650062 -1.33706939  7.14067968  9.32586717 -3.30382611
  2.26531481  5.43724563 -0.26257715  2.65106636] 

drones next lat [48.33584754 48.33586986 48.33582415 48.33590023 48.33591957 48.33580604
 48.33585626 48.33588449 48.33583315 48.33585909] drones next lon [14.3267632  14.32668577 14.32667457 14.32664185 14.32658649 14.32660358
 14.32662273 14.32657083 14.32656108 14.32651367] 
WayPoint_Count 17 

Leader Index 4 

Leader Contour 191.5 

Contour Threshold 90 

Converging Before Rutherford Scattering [ 6.78080089  1.0177577   1.05544206 -2.51750202 -5.16143281 -4.02479054
 -2.60646079 -4.05120809 -6.11738804 -8.4337398 ]_[ 1.33297786  5.80432951 -0.6109471   7.33055777  9.52041846 -1.88756709
  3.204509    8.02508478  2.62501625  3.20165532] 

Minimum Distance Within Rutherford Scattering 4.2 

Converging After Rutherford Scattering [  7.48825159   2.25301234   1.59311968  -1.3497256   -6.19841878
  -4.25936263  -2.23268987  -4.86649515  -6.44138593 -10.04482707]_[ 1.21170993  6.05528566 -1.30785093  7.8882844  11.36381906 -2.93589147
  2.78092725  8.14902422  2.07562818  3.26509847] 

drones next lat [48.33584749 48.33589065 48.33582436 48.33590686 48.33593774 48.33580925
 48.33586084 48.33590893 48.33585417 48.33586458] drones next lon [14.32674489 14.32667368 14.32666565 14.32662485 14.32655902 14.32658688
 14.32661355 14.32657737 14.32655684 14.32650808] 
