WayPoint_Count 1 

Leader Index 4 

Leader Contour 84.5 

Contour Threshold 95 

Previous Drone Positions [ 18.9  14.7  10.5   6.3   2.1  -2.1  -6.3 -10.5 -14.7 -18.9]_[-12. -12. -12. -12. -12. -12. -12. -12. -12. -12.] 

Mean Previous Drone Positions [0. 0. 0. 0. 0. 0. 0. 0. 0. 0.]_[-12. -12. -12. -12. -12. -12. -12. -12. -12. -12.] 

relative Drone Positions [ 18.9  14.7  10.5   6.3   2.1  -2.1  -6.3 -10.5 -14.7 -18.9]_[-0. -0. -0. -0.  0.  0.  0.  0.  0.  0.] 

current starting Drone Positions [ 18.9  14.7  10.5   6.3   2.1  -2.1  -6.3 -10.5 -14.7 -18.9]_[-12. -12. -12. -12. -12. -12. -12. -12. -12. -12.] 

scanning direction vector [0. 0. 0. 0. 0. 0. 0. 0. 0. 0.]_[2. 2. 2. 2. 2. 2. 2. 2. 2. 2.] 

changing back speed 0.3 

velocity vector [0. 0. 0. 0. 0. 0. 0. 0. 0. 0.]_[2. 2. 2. 2. 2. 2. 2. 2. 2. 2.] 

Moving Straight [ 18.9  14.7  10.5   6.3   2.1  -2.1  -6.3 -10.5 -14.7 -18.9]_[-10. -10. -10. -10. -10. -10. -10. -10. -10. -10.] 

drones next lat [48.33574753 48.3357472  48.33574687 48.33574654 48.33574621 48.33574588
 48.33574554 48.33574521 48.33574488 48.33574455] drones next lon [14.32690019 14.32684352 14.32678686 14.32673019 14.32667352 14.32661685
 14.32656018 14.32650351 14.32644685 14.32639018] 
WayPoint_Count 2 

Leader Index 3 

Leader Contour 89.0 

Contour Threshold 95 

Previous Drone Positions [ 18.9  14.7  10.5   6.3   2.1  -2.1  -6.3 -10.5 -14.7 -18.9]_[-10. -10. -10. -10. -10. -10. -10. -10. -10. -10.] 

Mean Previous Drone Positions [0. 0. 0. 0. 0. 0. 0. 0. 0. 0.]_[-10. -10. -10. -10. -10. -10. -10. -10. -10. -10.] 

relative Drone Positions [ 18.9  14.7  10.5   6.3   2.1  -2.1  -6.3 -10.5 -14.7 -18.9]_[-0. -0. -0. -0.  0.  0.  0.  0.  0.  0.] 

current starting Drone Positions [ 18.9  14.7  10.5   6.3   2.1  -2.1  -6.3 -10.5 -14.7 -18.9]_[-10. -10. -10. -10. -10. -10. -10. -10. -10. -10.] 

scanning direction vector [0. 0. 0. 0. 0. 0. 0. 0. 0. 0.]_[2. 2. 2. 2. 2. 2. 2. 2. 2. 2.] 

changing back speed 0.3 

velocity vector [0. 0. 0. 0. 0. 0. 0. 0. 0. 0.]_[2. 2. 2. 2. 2. 2. 2. 2. 2. 2.] 

Moving Straight [ 18.9  14.7  10.5   6.3   2.1  -2.1  -6.3 -10.5 -14.7 -18.9]_[-8. -8. -8. -8. -8. -8. -8. -8. -8. -8.] 

drones next lat [48.33576553 48.33576519 48.33576486 48.33576453 48.3357642  48.33576387
 48.33576354 48.3357632  48.33576287 48.33576254] drones next lon [14.32689996 14.32684329 14.32678662 14.32672995 14.32667328 14.32661661
 14.32655994 14.32650328 14.32644661 14.32638994] 
WayPoint_Count 3 

Leader Index 3 

Leader Contour 90.0 

Contour Threshold 95 

Previous Drone Positions [ 18.9  14.7  10.5   6.3   2.1  -2.1  -6.3 -10.5 -14.7 -18.9]_[-8. -8. -8. -8. -8. -8. -8. -8. -8. -8.] 

Mean Previous Drone Positions [0. 0. 0. 0. 0. 0. 0. 0. 0. 0.]_[-8. -8. -8. -8. -8. -8. -8. -8. -8. -8.] 

relative Drone Positions [ 18.9  14.7  10.5   6.3   2.1  -2.1  -6.3 -10.5 -14.7 -18.9]_[-0. -0. -0. -0.  0.  0.  0.  0.  0.  0.] 

current starting Drone Positions [ 18.9  14.7  10.5   6.3   2.1  -2.1  -6.3 -10.5 -14.7 -18.9]_[-8. -8. -8. -8. -8. -8. -8. -8. -8. -8.] 

scanning direction vector [0. 0. 0. 0. 0. 0. 0. 0. 0. 0.]_[2. 2. 2. 2. 2. 2. 2. 2. 2. 2.] 

changing back speed 0.3 

velocity vector [0. 0. 0. 0. 0. 0. 0. 0. 0. 0.]_[2. 2. 2. 2. 2. 2. 2. 2. 2. 2.] 

Moving Straight [ 18.9  14.7  10.5   6.3   2.1  -2.1  -6.3 -10.5 -14.7 -18.9]_[-6. -6. -6. -6. -6. -6. -6. -6. -6. -6.] 

drones next lat [48.33578352 48.33578319 48.33578286 48.33578252 48.33578219 48.33578186
 48.33578153 48.3357812  48.33578086 48.33578053] drones next lon [14.32689972 14.32684305 14.32678638 14.32672971 14.32667304 14.32661638
 14.32655971 14.32650304 14.32644637 14.3263897 ] 
WayPoint_Count 4 

Leader Index 2 

Leader Contour 76.0 

Contour Threshold 95 

Previous Drone Positions [ 18.9  14.7  10.5   6.3   2.1  -2.1  -6.3 -10.5 -14.7 -18.9]_[-6. -6. -6. -6. -6. -6. -6. -6. -6. -6.] 

Mean Previous Drone Positions [0. 0. 0. 0. 0. 0. 0. 0. 0. 0.]_[-6. -6. -6. -6. -6. -6. -6. -6. -6. -6.] 

relative Drone Positions [ 18.9  14.7  10.5   6.3   2.1  -2.1  -6.3 -10.5 -14.7 -18.9]_[-0. -0. -0. -0.  0.  0.  0.  0.  0.  0.] 

current starting Drone Positions [ 18.9  14.7  10.5   6.3   2.1  -2.1  -6.3 -10.5 -14.7 -18.9]_[-6. -6. -6. -6. -6. -6. -6. -6. -6. -6.] 

scanning direction vector [0. 0. 0. 0. 0. 0. 0. 0. 0. 0.]_[2. 2. 2. 2. 2. 2. 2. 2. 2. 2.] 

changing back speed 0.3 

velocity vector [0. 0. 0. 0. 0. 0. 0. 0. 0. 0.]_[2. 2. 2. 2. 2. 2. 2. 2. 2. 2.] 

Moving Straight [ 18.9  14.7  10.5   6.3   2.1  -2.1  -6.3 -10.5 -14.7 -18.9]_[-4. -4. -4. -4. -4. -4. -4. -4. -4. -4.] 

drones next lat [48.33580151 48.33580118 48.33580085 48.33580052 48.33580018 48.33579985
 48.33579952 48.33579919 48.33579886 48.33579852] drones next lon [14.32689948 14.32684281 14.32678615 14.32672948 14.32667281 14.32661614
 14.32655947 14.3265028  14.32644613 14.32638947] 
WayPoint_Count 5 

Leader Index 4 

Leader Contour 276.5 

Contour Threshold 95 

Converging Before Rutherford Scattering [ 17.64188929  12.65881447   9.49711631   4.4129336    1.33574559
   0.8995985   -4.802105    -8.42680255 -12.97396859 -16.13685165]_[-4.6705224  -3.00084848 -3.92411149 -4.99360254 -4.64491488 -4.02833453
 -3.13519334 -3.00268253 -4.96173864 -4.64622333] 

Minimum Distance Within Rutherford Scattering 4.2 

Converging After Rutherford Scattering [ 18.21573734  13.28526652   9.47962389   5.15044246   1.4004344
   0.16948651  -4.73499227  -8.83788897 -12.94800041 -17.07373951]_[-4.79642202 -2.63723978 -4.00237042 -5.18993471 -6.20517447 -2.54480718
 -3.03722717 -2.73692084 -5.25399272 -4.60408284] 

drones next lat [48.33579429 48.33581333 48.33580075 48.33578972 48.33578029 48.33581312
 48.33580831 48.33581068 48.33578771 48.33579323] drones next lon [14.32689034 14.32682356 14.32677238 14.32671411 14.32666363 14.32664659
 14.32658047 14.32652508 14.32646992 14.32641418] 
WayPoint_Count 6 

Leader Index 3 

Leader Contour 152.5 

Contour Threshold 95 

Converging Before Rutherford Scattering [ 15.64917423  12.37062283   8.2895021    4.18927537   3.77842328
   1.30835471  -3.00495725  -7.68545771 -11.57455754 -16.05718308]_[-4.03323825 -3.34891863 -5.20557263 -5.46590177 -4.78823831 -2.70423183
 -2.48823382 -2.50645602 -4.46752836 -4.47184241] 

Minimum Distance Within Rutherford Scattering 4.2 

Converging After Rutherford Scattering [ 16.6008905   12.53788836   8.79739645   4.61289367   3.64076854
   0.85766506  -3.32391076  -7.90755341 -11.83236018 -16.72048131]_[-4.15066209 -2.92853934 -5.44522902 -7.3899942  -3.90587173 -1.84869057
 -2.35793418 -2.22762807 -4.72584994 -4.49976288] 

drones next lat [48.33579997 48.33581065 48.33578771 48.33576989 48.33580115 48.33581944
 48.33581453 48.33581534 48.33579255 48.3357942 ] drones next lon [14.32686848 14.32681351 14.32676334 14.32670711 14.32669359 14.32665579
 14.32659943 14.32653757 14.32648491 14.32641893] 
WayPoint_Count 7 

Leader Index 4 

Leader Contour 235.5 

Contour Threshold 95 

Converging Before Rutherford Scattering [ 15.59962366  11.08368611   7.75220509   4.38634095   3.59664111
   3.12137781  -0.60431377  -5.80775263  -9.50814532 -15.23571123]_[-4.16985215 -2.30133609 -4.3822784  -6.41400136 -2.90684582 -3.79280299
 -3.43322101 -3.50795623 -5.56502942 -3.5838897 ] 

Minimum Distance Within Rutherford Scattering 4.2 

Converging After Rutherford Scattering [ 16.29101051  11.66529483   8.34855157   4.61471546   4.1465542
   2.40705364  -1.34987167  -6.06978414  -9.96735817 -15.70221443]_[-4.31188111 -1.73833989 -4.6544757  -7.86699638 -1.0527048  -4.53979248
 -3.21120229 -3.25473119 -5.92826035 -3.49882896] 

drones next lat [48.3357985  48.33582129 48.33579479 48.33576559 48.33582686 48.33579535
 48.33580701 48.33580624 48.33578188 48.33580329] drones next lon [14.32686432 14.3268016  14.32675719 14.3267072  14.32670007 14.32667701
 14.32662617 14.32656249 14.32651022 14.32643255] 
WayPoint_Count 8 

Leader Index 4 

Leader Contour 156.0 

Contour Threshold 95 

Converging Before Rutherford Scattering [ 15.29915093   8.74230746   6.88987827   3.86831694   3.43440726
   3.78984887   0.69034561  -5.06807517  -7.99271694 -13.15422549]_[-4.13524191 -1.19233616 -2.35467208 -6.66462734 -1.75473524 -1.87840242
 -1.49621797 -2.53159535 -4.27879466 -2.42775045] 

Minimum Distance Within Rutherford Scattering 4.2 

Converging After Rutherford Scattering [ 15.83765349  10.10853878   7.87092976   3.81185152   2.40814284
   4.73124663  -0.74416188  -5.2122964   -8.58456232 -13.72810469]_[-4.26604081 -0.21206317 -3.14182782 -7.75031049 -0.32125522 -2.38332468
 -1.27054868 -2.26101673 -4.79065898 -2.317327  ] 

drones next lat [48.33579888 48.33583489 48.33580836 48.33576658 48.3358333  48.33581494
 48.33582451 48.33581525 48.33579223 48.33581407] drones next lon [14.32685819 14.32678041 14.32675057 14.32669635 14.32667653 14.32670812
 14.32663411 14.32657394 14.32652874 14.32645905] 
WayPoint_Count 9 

Leader Index 4 

Leader Contour 134.5 

Contour Threshold 95 

Converging Before Rutherford Scattering [ 14.70000691   7.45923153   6.93557727   4.31541096   3.1770164
   3.80574352   1.64229637  -3.8690684   -7.69490901 -12.14524741]_[-3.07819486 -1.00077494 -2.76413944 -5.30075485 -0.96065606 -0.23417064
  0.18806907 -0.96390376 -3.76812037 -2.98742965] 

Minimum Distance Within Rutherford Scattering 4.2 

Converging After Rutherford Scattering [ 15.28575986   8.77267939   7.73395484   4.10325406   2.48462044
   4.65664277   0.37160692  -4.29966403  -7.9491512  -12.83364488]_[-3.15901973  0.04932132 -3.87225821 -6.63942121 -2.21633049  1.46728725
  1.35461785 -0.73684545 -4.16251363 -2.95491318] 

drones next lat [48.33580879 48.33583714 48.33580178 48.3357766  48.33581626 48.33584957
 48.33584822 48.33582903 48.33579793 48.33580841] drones next lon [14.32685062 14.32676236 14.32674881 14.32670015 14.32667779 14.32670666
 14.32664885 14.32658607 14.32653724 14.32647119] 
WayPoint_Count 10 

Leader Index 4 

Leader Contour 192.5 

Contour Threshold 95 

Converging Before Rutherford Scattering [ 14.17403173   7.78844734   5.53430926   4.41370066   1.61765244
   3.88313807   0.67425078  -3.26649514  -6.34078127 -10.82054435]_[-3.48175131 -1.06994031 -4.22690354 -4.69449724 -1.71796668  0.71467216
  0.33162957 -0.77319612 -2.86195531 -1.85871235] 

Minimum Distance Within Rutherford Scattering 4.2 

Converging After Rutherford Scattering [ 14.77212542   8.80721826   6.96219991   3.55356378   1.31711385
   4.4842382    0.08347317  -3.84152859  -6.89025505 -11.59043941]_[-3.58570586 -0.54336207 -4.66677727 -6.22536234 -2.41989403  1.8200271
  1.61430578 -0.43447709 -3.41356948 -1.78380586] 

drones next lat [48.33580491 48.33583181 48.33579457 48.33578028 48.33581434 48.33585273
 48.33585053 48.33583179 48.33580475 48.33581904] drones next lon [14.32684374 14.3267629  14.32673849 14.32669268 14.32666206 14.32670429
 14.32664493 14.32659222 14.32655144 14.32648783] 
WayPoint_Count 11 

Leader Index 4 

Leader Contour 173.5 

Contour Threshold 95 

Converging Before Rutherford Scattering [ 11.78212292   7.1993779    5.86778079   1.89380173   1.39984909
   2.38606866   1.47864655  -2.44513882  -3.98184807 -10.38414943]_[-3.48418083 -0.08620092 -3.28170522 -5.26407146 -3.4164656   0.65095966
  0.28772364 -0.2702611  -2.78815727 -2.49369338] 

Minimum Distance Within Rutherford Scattering 4.2 

Converging After Rutherford Scattering [ 12.58346623   8.14904883   6.55728968   2.01439356   1.06271579
   3.67953119   0.47698716  -3.40573585  -4.90455309 -11.01663217]_[-3.69803351  0.62633783 -3.96212542 -7.1157562  -3.52501862  2.12972581
  0.81693984  0.61045006 -3.50689945 -2.52167279] 

drones next lat [48.33580373 48.33584228 48.33580088 48.33577215 48.33580437 48.33585545
 48.33584339 48.33584122 48.33580407 48.33581245] drones next lon [14.32681422 14.32675388 14.32673294 14.32667202 14.32665876 14.32669339
 14.32665034 14.32659798 14.32657824 14.32649566] 
WayPoint_Count 12 

Leader Index 4 

Leader Contour 137.5 

Contour Threshold 95 

Converging Before Rutherford Scattering [11.5480487   6.9620834   5.2602533   1.6992302   2.04964531  2.52450273
  1.08588997 -2.47984073 -3.6166361  -8.03379932]_[-3.93260618  0.45787491 -3.08612492 -4.20214479 -3.68617114  1.26372056
 -0.22523437  0.09239514 -4.21507691 -2.83040752] 

Minimum Distance Within Rutherford Scattering 4.2 

Converging After Rutherford Scattering [12.30611514  7.93984031  6.45052647  0.85686476  2.63845137  3.07493453
  0.47893546 -3.53108668 -4.25299985 -8.96220404]_[-4.17779085  1.18121116 -3.70164877 -6.47116275 -3.35479135  2.91144827
  0.13245754  0.85246147 -4.89845418 -2.83750579] 

drones next lat [48.33579939 48.33584726 48.33580321 48.33577785 48.33580603 48.33586244
 48.33583723 48.33584339 48.3357916  48.33580977] drones next lon [14.32681054 14.32675099 14.32673147 14.32665633 14.32668    14.32668514
 14.32665045 14.32659626 14.3265872  14.32652341] 
WayPoint_Count 13 

Leader Index 4 

Leader Contour 181.0 

Contour Threshold 95 

Converging Before Rutherford Scattering [10.81477039  6.45360809  5.44943724  0.86268572  3.30165418  2.05645424
  0.53293889 -1.30735673 -1.32540428 -6.63356013]_[-3.14295814  0.88039974 -3.38422962 -4.57288981 -4.10323108  1.39217344
 -1.61333855  0.54634426 -4.24333328 -1.98283868] 

Minimum Distance Within Rutherford Scattering 4.2 

Converging After Rutherford Scattering [11.79108321  7.2934363   6.88684607  0.61020522  3.85025689  2.36188561
  0.4203292  -2.46590671 -2.93089147 -7.6120167 ]_[-3.30669542  1.7201398  -3.54708073 -6.19453565 -5.0576157   2.75688841
 -1.328722    1.68224619 -4.99692066 -1.95160597] 

drones next lat [48.33580719 48.33585205 48.33580464 48.33578032 48.33579081 48.33586099
 48.33582408 48.33585094 48.33579082 48.33581784] drones next lon [14.32680348 14.3267422  14.32673734 14.32665297 14.32669655 14.32667554
 14.32664983 14.32661053 14.32660505 14.32654153] 
WayPoint_Count 14 

Leader Index 4 

Leader Contour 174.5 

Contour Threshold 95 

Converging Before Rutherford Scattering [ 9.51417728  6.02403861  4.18916204  2.19221286  2.90144732  2.64310537
  2.74172291 -1.29065484 -1.62473991 -5.52745286]_[-2.79122437  0.86860697 -4.01672129 -6.48462347 -5.37346439  1.78787448
 -2.54753812  1.2042333  -4.29462281 -1.48665223] 

Minimum Distance Within Rutherford Scattering 4.2 

Converging After Rutherford Scattering [10.65938815  7.01062111  6.0043057   1.34992836  3.0983867   2.60900745
  2.23465222 -2.05170991 -2.58396152 -6.56759947]_[-2.91796528  1.68749111 -4.11242392 -8.85996968 -6.04030468  3.04938172
 -1.78892871  1.99909421 -4.77434531 -1.37616138] 

drones next lat [48.33581059 48.33585174 48.33579948 48.3357564  48.33578191 48.33586364
 48.33582009 48.33585382 48.33579285 48.3358231 ] drones next lon [14.32678817 14.32673839 14.3267255  14.32666326 14.32668652 14.32667884
 14.32667436 14.32661608 14.3266097  14.32655555] 
WayPoint_Count 15 

Leader Index 5 

Leader Contour 167.5 

Contour Threshold 95 

Converging Before Rutherford Scattering [ 9.98815168  4.33168599  5.78168973  2.24499946  3.94206347  2.57807765
  1.52875606 -1.01720148 -0.66871721 -3.85701603]_[-2.08034471  1.63856563 -3.0784405  -7.5997858  -3.7346188   2.04986016
  0.7150998   2.83865179 -2.52048985 -0.92389656] 

Minimum Distance Within Rutherford Scattering 4.2 

Converging After Rutherford Scattering [11.17801873  5.99710858  7.04740579  2.06573161  3.60629671  2.61632814
  1.02569504 -2.08296649 -1.38924166 -5.21188711]_[-2.06854973  2.19341555 -3.3431174  -8.82721761 -4.57339806  3.970545
  0.29747797  3.99507468 -3.39862308 -0.94100618] 

drones next lat [48.33581828 48.33585621 48.33580648 48.33575676 48.33579514 48.33587193
 48.33583876 48.33587178 48.33580532 48.33582713] drones next lon [14.32679506 14.32672466 14.32673948 14.32667292 14.3266932  14.32667883
 14.3266578  14.32661542 14.32662566 14.32657379] 
WayPoint_Count 16 

Leader Index 4 

Leader Contour 84.5 

Contour Threshold 95 

Previous Drone Positions [11.17801873  5.99710858  7.04740579  2.06573161  3.60629671  2.61632814
  1.02569504 -2.08296649 -1.38924166 -5.21188711]_[-2.06854973  2.19341555 -3.3431174  -8.82721761 -4.57339806  3.970545
  0.29747797  3.99507468 -3.39862308 -0.94100618] 

Mean Previous Drone Positions [2.48524893 2.48524893 2.48524893 2.48524893 2.48524893 2.48524893
 2.48524893 2.48524893 2.48524893 2.48524893]_[-1.26953988 -1.26953988 -1.26953988 -1.26953988 -1.26953988 -1.26953988
 -1.26953988 -1.26953988 -1.26953988 -1.26953988] 

relative Drone Positions [ 18.9  14.7  10.5   6.3   2.1  -2.1  -6.3 -10.5 -14.7 -18.9]_[-0. -0. -0. -0.  0.  0.  0.  0.  0.  0.] 

current starting Drone Positions [ 21.38524893  17.18524893  12.98524893   8.78524893   4.58524893
   0.38524893  -3.81475107  -8.01475107 -12.21475107 -16.41475107]_[-1.26953988 -1.26953988 -1.26953988 -1.26953988 -1.26953988 -1.26953988
 -1.26953988 -1.26953988 -1.26953988 -1.26953988] 

scanning direction vector [0. 0. 0. 0. 0. 0. 0. 0. 0. 0.]_[2. 2. 2. 2. 2. 2. 2. 2. 2. 2.] 

changing back speed 0.3 

velocity vector [ 3.06216906  3.35644211  1.78135294  2.0158552   0.29368567 -0.66932376
 -1.45213383 -1.77953537 -3.24765282 -3.36085919]_[2.23970295 0.96111337 2.62207325 4.26730332 2.99115745 0.42797453
 1.52989464 0.42061563 2.63872496 1.90143989] 

Moving Straight [14.24018779  9.35355068  8.82875873  4.08158681  3.89998237  1.94700438
 -0.42643879 -3.86250186 -4.63689448 -8.5727463 ]_[ 0.17115322  3.15452892 -0.72104415 -4.55991429 -1.5822406   4.39851954
  1.82737262  4.41569031 -0.75989812  0.96043371] 

drones next lat [48.33583867 48.33586512 48.33583021 48.3357953  48.33582208 48.33587573
 48.33585241 48.33587542 48.3358288  48.33584397] drones next lon [14.32683612 14.32676983 14.32676321 14.32669961 14.32669681 14.32666975
 14.32663803 14.32659136 14.32658153 14.32652822] 
WayPoint_Count 17 

Leader Index 4 

Leader Contour 246.5 

Contour Threshold 95 

Converging Before Rutherford Scattering [12.85417955  7.11744658  5.87270928  2.9608297   4.70800928  2.89716902
  2.00546367 -3.11698243 -3.49731466 -6.58471298]_[ 0.6472098   2.53057553 -0.89793607 -2.60820081 -0.99309503  3.44152755
  0.08095496  2.64576794 -1.47650012  1.56053145] 

Minimum Distance Within Rutherford Scattering 4.2 

Converging After Rutherford Scattering [13.66345951  7.9529674   7.96883794  2.43180128  4.57865139  2.81547455
  1.05533705 -3.42258326 -4.08688117 -7.74026769]_[ 0.64686469  3.50607679 -1.52465333 -4.4899708  -1.21573059  4.75822799
  0.35977571  3.45667064 -2.27259793  1.70617205] 

drones next lat [48.3358429  48.33586817 48.33582292 48.3357958  48.33582543 48.33587903
 48.33583932 48.33586683 48.33581523 48.33585074] drones next lon [14.32682828 14.32675089 14.3267517  14.32667734 14.32670592 14.32668142
 14.3266582  14.32659741 14.32658913 14.32653936] 
WayPoint_Count 18 

Leader Index 4 

Leader Contour 211.0 

Contour Threshold 95 

Converging Before Rutherford Scattering [11.79246114  5.82082165  5.23610739  2.82378203  3.80522597  4.37040997
  1.98581011 -2.67573187 -1.80166215 -5.4945037 ]_[ 1.24127264  1.6330091  -0.6716357  -3.52697774 -0.58184328  2.69072686
 -0.01118713  2.25028518 -2.98442897  0.29058517] 

Minimum Distance Within Rutherford Scattering 4.2 

Converging After Rutherford Scattering [12.7292276   7.38335709  7.1977655   2.79984846  3.68745284  3.94968336
  0.5976728  -3.2004022  -2.58987203 -6.69201287]_[ 1.33241759  2.52747129 -1.84665948 -5.25505317 -1.0447974   4.55373835
  0.53532113  3.19462291 -3.85799689  0.1907418 ] 

drones next lat [48.33584899 48.33585932 48.33581996 48.33578895 48.33582689 48.33587728
 48.33584087 48.33586449 48.33580109 48.33583719] drones next lon [14.32681559 14.32674332 14.32674133 14.3266824  14.32669388 14.32669675
 14.326652   14.32660044 14.32660951 14.32655369] 
WayPoint_Count 19 

Leader Index 4 

Leader Contour 245.5 

Contour Threshold 95 

Converging Before Rutherford Scattering [10.57382544  5.27373995  4.41311821  2.66128636  4.5734435   2.86959533
  3.20908676 -0.55567896 -1.39617016 -4.4382681 ]_[ 1.79911372  0.39656071 -1.95171755 -4.13248704 -0.58109431  2.39224194
  0.18132819  1.80924969 -3.81552912 -1.009147  ] 

Minimum Distance Within Rutherford Scattering 4.2 

Converging After Rutherford Scattering [11.68432521  7.18769816  5.50438239  2.22800155  5.48104905  2.79570635
  1.90056291 -1.75121769 -2.22695397 -5.61957562]_[ 2.07487557  2.05823459 -4.13175233 -5.85919628 -0.8617499   4.47047072
  0.30391674  2.65248345 -4.65941416 -0.95934916] 

drones next lat [48.33585559 48.33585509 48.33579927 48.33578347 48.33582868 48.33587644
 48.33583889 48.33585973 48.33579391 48.33582693] drones next lon [14.32680141 14.32674074 14.32671876 14.32667476 14.32671806 14.32668119
 14.32666961 14.32662006 14.3266145  14.32656829] 
WayPoint_Count 20 

Leader Index 4 

Leader Contour 179.0 

Contour Threshold 95 

Converging Before Rutherford Scattering [ 1.08723335e+01  6.00055364e+00  4.85321932e+00  2.38819080e+00
  5.03062956e+00  2.72754196e+00  2.99314747e+00 -8.54942479e-01
  5.58835019e-03 -4.42412673e+00]_[ 1.12630788  1.3155752  -2.90275604 -3.81774943  0.03106715  2.43225787
 -0.90279525  1.34791508 -2.87674846 -0.34777726] 

Minimum Distance Within Rutherford Scattering 4.2 

Converging After Rutherford Scattering [12.00474737  7.39059626  6.24052927  2.22598282  5.92586858  2.47408166
  2.23356504 -1.79854961 -1.39785445 -5.70683158]_[ 1.2442985   3.00911014 -4.32977184 -5.69324533 -0.21436731  4.07988447
 -0.86686475  2.21878086 -3.66190259 -0.38062542] 

drones next lat [48.33584814 48.33586366 48.33579754 48.33578496 48.33583454 48.3358729
 48.33582838 48.33585582 48.33580295 48.33583213] drones next lon [14.32680583 14.32674336 14.32672871 14.32667471 14.32672398 14.3266769
 14.32667424 14.32661947 14.32662557 14.32656705] 
WayPoint_Count 21 

Leader Index 3 

Leader Contour 193.5 

Contour Threshold 95 

Converging Before Rutherford Scattering [11.37337293  6.22171446  3.44493121  2.91314009  5.35943235  1.74263716
  1.57954842 -0.11216533  0.7671395  -4.97776864]_[ 0.10628758  0.30022766 -4.54088666 -4.96673663 -1.03855395  1.34795631
 -3.6260475  -0.19009854 -5.5471829  -1.8541524 ] 

Minimum Distance Within Rutherford Scattering 4.2 

Converging After Rutherford Scattering [12.3454173   7.36254866  5.46289026  3.05416486  5.80909388  1.8150597
  0.78426612 -1.37475219 -0.90381499 -6.04289147]_[ 0.22159585  1.92397598 -4.81388405 -7.3910621  -1.21574295  2.91311795
 -3.14789512  0.42569036 -7.08177571 -1.84320723] 

drones next lat [48.33583897 48.33585389 48.33579313 48.33576975 48.33582552 48.33586235
 48.33580775 48.33583972 48.33577222 48.33581894] drones next lon [14.32681054 14.32674311 14.32671828 14.32668608 14.32672252 14.32666814
 14.32665495 14.3266254  14.32663264 14.32656268] 
WayPoint_Count 22 

Leader Index 4 

Leader Contour 221.5 

Contour Threshold 95 

Converging Before Rutherford Scattering [ 9.40026549  5.4840915   4.85249336  4.85876628  4.87807433  2.20811841
  3.57499822  1.41145809  0.63840427 -3.46593169]_[-0.08031276  0.26126369 -3.42047324 -5.42190941 -0.85077364  1.54644058
 -2.04765417  0.52822275 -4.76640866 -2.55226153] 

Minimum Distance Within Rutherford Scattering 4.2 

Converging After Rutherford Scattering [10.92040512  6.78089822  6.2406496   5.24421019  5.63499933  2.11409172
  2.29104605 -0.38530356 -0.33701214 -4.66324627]_[ 0.1044077   2.49011011 -4.35229944 -7.71255306 -0.74982897  3.75108488
 -2.52786261  0.78356884 -5.96184052 -2.62865331] 

drones next lat [48.3358378  48.33585894 48.33579734 48.33576703 48.3358297  48.33586991
 48.33581344 48.33584302 48.33578234 48.33581199] drones next lon [14.32679133 14.3267352  14.32672872 14.32671567 14.32672012 14.32667208
 14.32667521 14.32663871 14.32664016 14.32658139] 
WayPoint_Count 23 

Leader Index 4 

Leader Contour 190.0 

Contour Threshold 95 

Converging Before Rutherford Scattering [ 9.53897788  7.10370803  6.73801499  4.35754109  5.01612864  2.81867736
  4.89987809  2.25703887  0.22983317 -3.6123319 ]_[ 0.5905428   0.74781169 -1.82066123 -5.7657898   0.03566391  3.02524601
 -1.05090546 -0.42005916 -4.98795036 -1.86991184] 

Minimum Distance Within Rutherford Scattering 4.2 

Converging After Rutherford Scattering [11.57741167  8.1510847   8.33139095  4.57410235  4.72589909  2.1158928
  4.40716113  0.66861576 -0.55800782 -4.64608441]_[ 0.84175146  2.18369293 -3.14894566 -7.18710601  1.50137649  4.68144248
 -2.43691644 -0.25659375 -5.8806752  -1.81403973] 

drones next lat [48.33584449 48.33585629 48.33580833 48.33577171 48.33584988 48.33587828
 48.33581443 48.33583375 48.33578306 48.33581932] drones next lon [14.32680011 14.32675372 14.32675678 14.32670657 14.32670759 14.32667199
 14.32670375 14.32665305 14.32663717 14.32658153] 
WayPoint_Count 24 

Leader Index 5 

Leader Contour 219.0 

Contour Threshold 95 

Converging Before Rutherford Scattering [10.05364977  5.30316651  7.80824329  3.28239475  4.03675339  2.25226204
  2.8252461   0.23250583 -0.99263805 -4.16134915]_[ 0.64965066  2.93675411 -0.88877154 -4.76513463  3.8621833   3.6907844
 -0.77971952  1.61020604 -3.56300646 -0.14048185] 

Minimum Distance Within Rutherford Scattering 4.2 

Converging After Rutherford Scattering [11.50921942  6.67444308  8.32825441  3.55158171  4.52895313  1.06319464
  2.91035747 -0.88169774 -1.71511827 -5.32895336]_[ 0.95691725  2.91865914 -1.80932673 -5.99461485  5.80099217  4.89840345
 -1.25877178  1.65741084 -4.44591516 -0.11128983] 

drones next lat [48.33584552 48.33586279 48.33582038 48.33578235 48.33588855 48.33588015
 48.33582491 48.33585084 48.33579587 48.33583458] drones next lon [14.32679917 14.32673371 14.32675658 14.32669263 14.32670442 14.32665776
 14.32668342 14.32663191 14.32662139 14.32657211] 
WayPoint_Count 25 

Leader Index 5 

Leader Contour 251.0 

Contour Threshold 95 

Converging Before Rutherford Scattering [10.2725358   5.54564956  7.4754378   2.18437343  1.83499664  0.83225481
  1.95326069 -0.30526795 -1.96338508 -4.57802719]_[ 0.8900808   4.2372041  -1.23984809 -4.43249648  4.64528813  3.92543542
  1.58087759  2.48065293 -1.95400749  0.55470889] 

Minimum Distance Within Rutherford Scattering 4.2 

Converging After Rutherford Scattering [11.36687257  6.64685079  7.89014733  2.34988278  2.81701084 -0.31168895
  2.65394062 -1.69729515 -2.50650802 -5.9573843 ]_[ 1.05615216  4.83772767 -1.9727637  -5.43331288  6.59794379  5.19031056
  0.76940333  2.01855877 -2.9742982   0.59817429] 

drones next lat [48.3358464  48.33588005 48.33581888 48.33578731 48.33589558 48.33588267
 48.33584313 48.33585403 48.33580905 48.33584091] drones next lon [14.32679724 14.32673311 14.32675069 14.32667635 14.32668123 14.32663918
 14.32667972 14.32662086 14.32661053 14.32656355] 
WayPoint_Count 26 

Leader Index 4 

Leader Contour 176.5 

Contour Threshold 95 

Converging Before Rutherford Scattering [10.50658698  3.96335092  6.92939921  2.42268768  2.36097682  0.72836078
  3.47055501 -1.07257242 -2.4239519  -4.05839211]_[ 2.71918931  5.17333138 -1.24998683 -4.43480718  5.70798145  5.38995909
  2.11949457  4.06946536 -1.68333033  2.69580751] 

Minimum Distance Within Rutherford Scattering 4.2 

Converging After Rutherford Scattering [11.37689764  5.77515922  7.60523196  2.44191085  2.83447654 -0.32453301
  3.65553935 -2.00792256 -2.96714353 -5.56261548]_[ 2.85484101  5.54767613 -1.91268046 -5.30276538  7.48957756  6.58869133
  1.38203283  3.7118789  -2.44353897  2.59139138] 

drones next lat [48.33586258 48.33588637 48.3358194  48.33578849 48.3359036  48.33589525
 48.33584872 48.33586924 48.33581379 48.33585887] drones next lon [14.32679716 14.32672126 14.32674684 14.32667758 14.32668136 14.32663884
 14.32669316 14.32661647 14.32660426 14.32656864] 
WayPoint_Count 27 

Leader Index 5 

Leader Contour 147.0 

Contour Threshold 95 

Converging Before Rutherford Scattering [10.40135265  4.61844972  5.64756578  2.74441741  1.7010704  -1.22837843
  2.63724338 -0.40587061 -3.39600276 -4.72532122]_[ 3.83088044  5.30438095  0.35469812 -2.69985238  6.32786653  7.01655049
  1.99042746  4.63209762 -0.66175862  3.14626495] 

Minimum Distance Within Rutherford Scattering 4.2 

Converging After Rutherford Scattering [11.28317246  5.75166427  6.68001381  2.71762312  2.09581224 -2.2409971
  2.59554074 -1.02405045 -3.96359822 -5.90065454]_[ 3.95341626  5.88264659 -0.28918713 -3.83780416  7.59527395  8.45311799
  1.52175981  4.23055831 -1.5152934   3.24706733] 

drones next lat [48.33587246 48.33588938 48.33583393 48.33580169 48.3359045  48.33591187
 48.3358499  48.33587398 48.33582206 48.33586475] drones next lon [14.32679577 14.32672091 14.32673416 14.32668112 14.32667138 14.32661276
 14.32667884 14.32662968 14.3265907  14.326564  ] 
WayPoint_Count 28 

Leader Index 4 

Leader Contour 89.5 

Contour Threshold 95 

Previous Drone Positions [11.28317246  5.75166427  6.68001381  2.71762312  2.09581224 -2.2409971
  2.59554074 -1.02405045 -3.96359822 -5.90065454]_[ 3.95341626  5.88264659 -0.28918713 -3.83780416  7.59527395  8.45311799
  1.52175981  4.23055831 -1.5152934   3.24706733] 

Mean Previous Drone Positions [1.79945263 1.79945263 1.79945263 1.79945263 1.79945263 1.79945263
 1.79945263 1.79945263 1.79945263 1.79945263]_[2.92415555 2.92415555 2.92415555 2.92415555 2.92415555 2.92415555
 2.92415555 2.92415555 2.92415555 2.92415555] 

relative Drone Positions [ 18.9  14.7  10.5   6.3   2.1  -2.1  -6.3 -10.5 -14.7 -18.9]_[-0. -0. -0. -0.  0.  0.  0.  0.  0.  0.] 

current starting Drone Positions [ 20.69945263  16.49945263  12.29945263   8.09945263   3.89945263
  -0.30054737  -4.50054737  -8.70054737 -12.90054737 -17.10054737]_[2.92415555 2.92415555 2.92415555 2.92415555 2.92415555 2.92415555
 2.92415555 2.92415555 2.92415555 2.92415555] 

scanning direction vector [0. 0. 0. 0. 0. 0. 0. 0. 0. 0.]_[2. 2. 2. 2. 2. 2. 2. 2. 2. 2.] 

changing back speed 0.3 

velocity vector [ 2.82488405  3.22433651  1.68583165  1.61454885  0.54109212  0.58213492
 -2.12882643 -2.30294908 -2.68108474 -3.35996785]_[1.69122179 1.11245269 2.9640028  4.02858791 0.59866448 0.34131127
 2.42071872 1.60807917 3.33183469 1.90312647] 

Moving Straight [14.10805651  8.97600078  8.36584546  4.33217197  2.63690436 -1.65886218
  0.46671431 -3.32699952 -6.64468297 -9.26062239]_[5.64463805 6.99509928 2.67481568 0.19078376 8.19393843 8.79442926
 3.94247853 5.83863749 1.81654129 5.1501938 ] 

drones next lat [48.3358879  48.33589964 48.33586073 48.33583806 48.33590992 48.33591499
 48.33587151 48.33588826 48.33585182 48.3358816 ] drones next lon [14.32683368 14.32676428 14.32675656 14.32670243 14.32667861 14.32662058
 14.32664983 14.32659842 14.32655413 14.32651844] 
