WayPoint_Count 1 

Leader Index 4 

Leader Contour 390.0 

Contour Threshold 250 

Converging Before Rutherford Scattering [ 8.52489025  5.32764979  5.06741755  7.62898701  0.04088494 10.93495864
  2.03453921  2.69247292  2.52916743 -0.13463122]_[-8.37035651 -5.35926983 -0.51635449  2.5578807   0.9043586  -4.91201134
 -5.98531091 -2.58095233  1.6135786  -2.45022247] 

Minimum Distance Within Rutherford Scattering 4.2 

Converging After Rutherford Scattering [ 9.005582    5.86374187  5.98040804  8.49959688 -1.35403473 11.91738682
  1.26955655  2.58066838  2.59029496 -1.70686425]_[-9.40968463 -5.97960928 -0.2273161   3.48827805  1.76588243 -4.85198154
 -7.32874516 -2.72968509  3.02606285 -2.85186153] 

drones next lat [48.33575206 48.33578267 48.33583443 48.33586805 48.33585178 48.33579329
 48.33577017 48.33581165 48.33586343 48.33581021] drones next lon [14.32676662 14.32672382 14.32672472 14.32675827 14.32662552 14.32680537
 14.326662   14.32667914 14.32667859 14.32662131] 
WayPoint_Count 2 

Leader Index 4 

Leader Contour 364.0 

Contour Threshold 250 

Converging Before Rutherford Scattering [ 7.34542498  3.77767043  3.45361958  5.94707246 -1.93700398  9.14782923
  1.50513013  1.86217038  1.62220469 -2.41772678]_[-6.98915908 -5.20771589 -0.5052211   2.33099819  2.57837665 -3.75921406
 -4.79389908 -2.02567234  2.06816509 -1.36247974] 

Minimum Distance Within Rutherford Scattering 4.2 

Converging After Rutherford Scattering [ 8.05707226  4.33544903  4.44137932  6.96393377 -2.96587162 10.23145901
  0.30389654  1.16559855  1.48350546 -3.7100312 ]_[-8.09854612 -6.11380901 -0.14847411  3.3448607   3.4935298  -3.59685739
 -6.14468156 -2.11543605  3.35136938 -1.63777698] 

drones next lat [48.33576378 48.33578134 48.33583502 48.33586664 48.3358672  48.33580445
 48.33578075 48.33581706 48.33586627 48.33582098] drones next lon [14.32675367 14.32670322 14.32670394 14.32673756 14.32660357 14.32678247
 14.32664883 14.32665998 14.32666362 14.32659414] 
WayPoint_Count 3 

Leader Index 4 

Leader Contour 269.0 

Contour Threshold 250 

Converging Before Rutherford Scattering [ 5.99097531  4.11491956  3.57980508  4.59218424 -2.94164628  7.6815184
  0.5242409  -0.79219824  0.0085744  -3.20709595]_[-7.37499719 -4.66524132  1.09331291  4.30304464  2.49382327 -2.03477222
 -4.7561174   0.13089913  2.56354986 -0.63490014] 

Minimum Distance Within Rutherford Scattering 4.2 

Converging After Rutherford Scattering [ 6.63324072  4.34246223  4.24689425  5.31737811 -4.2688695   8.77274312
 -0.12962523 -0.73430611  0.12548205 -4.75412223]_[-8.50706456 -4.97475614  1.09442062  5.46903322  3.55289838 -1.98035525
 -5.70099568 -0.38293138  3.91513939 -1.36678706] 

drones next lat [48.33576    48.33579159 48.33584618 48.33588562 48.33586763 48.33581888
 48.33578471 48.3358325  48.33587123 48.33582333] drones next lon [14.32673451 14.32670318 14.32670117 14.3267151  14.32658598 14.3267626
 14.32664293 14.32663414 14.32664523 14.32658002] 
WayPoint_Count 4 

Leader Index 4 

Leader Contour 312.5 

Contour Threshold 250 

Converging Before Rutherford Scattering [ 4.64368679  2.18189654  2.35890084  2.62929771 -4.12376185  7.73823828
 -1.8866197  -1.17685802 -1.2770652  -5.24075196]_[-6.26208713 -4.24065949  0.64972247  4.39025067  4.54231425 -1.79025049
 -4.21546388  0.6565786   4.55772722  1.35402255] 

Minimum Distance Within Rutherford Scattering 4.2 

Converging After Rutherford Scattering [ 5.36493749  2.16698195  3.11467935  3.5091448  -5.22023794  8.65499741
 -2.64913056 -1.52611648 -1.10653835 -6.46175423]_[-7.30766271 -4.70361776  0.6226665   5.36821351  5.52220669 -1.76469285
 -5.05264392  0.38238816  5.60381275  0.9714844 ] 

drones next lat [48.33577069 48.33579386 48.33584185 48.33588457 48.33588527 48.33582081
 48.33579034 48.33583932 48.33588633 48.33584423] drones next lon [14.32671725 14.3266738  14.32668595 14.32669071 14.32657291 14.32676099
 14.32660886 14.32662336 14.32662841 14.3265567 ] 
WayPoint_Count 5 

Leader Index 5 

Leader Contour 308.5 

Contour Threshold 250 

Converging Before Rutherford Scattering [ 5.93727586  4.94447099  5.83831636  4.00658727 -3.00988262  9.03817387
 -1.38256022  1.4254363   1.32962635 -3.6065624 ]_[-6.48159333 -3.58397751  0.29316083  4.48616729  5.49045045 -2.68836801
 -3.73743734  0.07350675  3.85610488  1.07670884] 

Minimum Distance Within Rutherford Scattering 4.2 

Converging After Rutherford Scattering [ 6.26820477  4.81574419  6.59053118  4.91763507 -3.71992919 10.22199115
 -2.01282399  1.14072382  0.89279788 -4.59399311]_[-7.80262868 -3.96582027  0.70828498  5.55420203  6.33142954 -2.85503592
 -4.54394948 -0.17955678  4.59022606  0.94757135] 

drones next lat [48.3357663  48.33580071 48.33584289 48.33588636 48.33589267 48.33581113
 48.33579497 48.33583448 48.33587737 48.33584416] drones next lon [14.3267295  14.32670945 14.32673284 14.32670969 14.32659306 14.32678226
 14.32661738 14.32665941 14.3266555  14.3265819 ] 
WayPoint_Count 6 

Leader Index 4 

Leader Contour 112.5 

Contour Threshold 250 

Previous Drone Positions [ 6.26820477  4.81574419  6.59053118  4.91763507 -3.71992919 10.22199115
 -2.01282399  1.14072382  0.89279788 -4.59399311]_[-7.80262868 -3.96582027  0.70828498  5.55420203  6.33142954 -2.85503592
 -4.54394948 -0.17955678  4.59022606  0.94757135] 

Mean Previous Drone Positions [2.45208818 2.45208818 2.45208818 2.45208818 2.45208818 2.45208818
 2.45208818 2.45208818 2.45208818 2.45208818]_[-0.12152772 -0.12152772 -0.12152772 -0.12152772 -0.12152772 -0.12152772
 -0.12152772 -0.12152772 -0.12152772 -0.12152772] 

relative Drone Positions [ 14.39371779  11.19511384   7.99650988   4.79790593   1.59930198
  -1.59930198  -4.79790593  -7.99650988 -11.19511384 -14.39371779]_[-12.24870965  -9.52677418  -6.8048387   -4.08290322  -1.36096774
   1.36096774   4.08290322   6.8048387    9.52677418  12.24870965] 

current starting Drone Positions [ 16.84580597  13.64720201  10.44859806   7.24999411   4.05139015
   0.8527862   -2.34581775  -5.54442171  -8.74302566 -11.94162961]_[-12.37023737  -9.64830189  -6.92636641  -4.20443093  -1.48249546
   1.23944002   3.9613755    6.68331098   9.40524646  12.12718194] 

Mean Current Drone Positions [2.45208818 2.45208818 2.45208818 2.45208818 2.45208818 2.45208818
 2.45208818 2.45208818 2.45208818 2.45208818]_[-0.12152772 -0.12152772 -0.12152772 -0.12152772 -0.12152772 -0.12152772
 -0.12152772 -0.12152772 -0.12152772 -0.12152772] 

scanning direction vector [1.23522511 1.23522511 1.23522511 1.23522511 1.23522511 1.23522511
 1.23522511 1.23522511 1.23522511 1.23522511]_[1.45153915 1.45153915 1.45153915 1.45153915 1.45153915 1.45153915
 1.45153915 1.45153915 1.45153915 1.45153915] 

changing back speed 0.3 

velocity vector [ 4.40850547  3.88466246  2.39264517  1.93493282  3.56662091 -1.57553638
  1.13532698 -0.77031855 -1.65552195 -0.96906584]_[ 0.08125654 -0.25320534 -0.83885627 -1.47605074 -0.89263835  2.67988193
  4.00313665  3.51039948  2.89604527  4.80542233] 

Moving Straight [10.67671024  8.70040664  8.98317635  6.85256789 -0.15330828  8.64645477
 -0.87749701  0.37040527 -0.76272407 -5.56305895]_[-7.72137214 -4.2190256  -0.13057128  4.07815129  5.4387912  -0.17515398
 -0.54081283  3.3308427   7.48627133  5.75299367] 

drones next lat [48.33576738 48.33579873 48.33583554 48.33587323 48.33588492 48.33583511
 48.33583107 48.335866   48.33590329 48.33588732] drones next lon [14.32678897 14.32676189 14.32676522 14.32673598 14.32664129 14.32676068
 14.32663222 14.3266486  14.32663282 14.32656826] 
WayPoint_Count 7 

Leader Index 4 

Leader Contour 162.0 

Contour Threshold 250 

Previous Drone Positions [10.67671024  8.70040664  8.98317635  6.85256789 -0.15330828  8.64645477
 -0.87749701  0.37040527 -0.76272407 -5.56305895]_[-7.72137214 -4.2190256  -0.13057128  4.07815129  5.4387912  -0.17515398
 -0.54081283  3.3308427   7.48627133  5.75299367] 

Mean Previous Drone Positions [3.68731329 3.68731329 3.68731329 3.68731329 3.68731329 3.68731329
 3.68731329 3.68731329 3.68731329 3.68731329]_[1.33001144 1.33001144 1.33001144 1.33001144 1.33001144 1.33001144
 1.33001144 1.33001144 1.33001144 1.33001144] 

relative Drone Positions [ 14.39371779  11.19511384   7.99650988   4.79790593   1.59930198
  -1.59930198  -4.79790593  -7.99650988 -11.19511384 -14.39371779]_[-12.24870965  -9.52677418  -6.8048387   -4.08290322  -1.36096774
   1.36096774   4.08290322   6.8048387    9.52677418  12.24870965] 

current starting Drone Positions [ 18.08103107  14.88242712  11.68382317   8.48521922   5.28661526
   2.08801131  -1.11059264  -4.3091966   -7.50780055 -10.7064045 ]_[-10.91869822  -8.19676274  -5.47482726  -2.75289178  -0.0309563
   2.69097917   5.41291465   8.13485013  10.85678561  13.57872109] 

Mean Current Drone Positions [3.68731329 3.68731329 3.68731329 3.68731329 3.68731329 3.68731329
 3.68731329 3.68731329 3.68731329 3.68731329]_[1.33001144 1.33001144 1.33001144 1.33001144 1.33001144 1.33001144
 1.33001144 1.33001144 1.33001144 1.33001144] 

scanning direction vector [1.23522511 1.23522511 1.23522511 1.23522511 1.23522511 1.23522511
 1.23522511 1.23522511 1.23522511 1.23522511]_[1.45153915 1.45153915 1.45153915 1.45153915 1.45153915 1.45153915
 1.45153915 1.45153915 1.45153915 1.45153915] 

changing back speed 0.3 

velocity vector [ 3.45652136  3.08983125  2.04541915  1.72502051  2.86720217 -0.73230793
  1.16529642 -0.16865545 -0.78829784 -0.30777856]_[ 0.49234133  0.25821801 -0.15173764 -0.59777377 -0.1893851   2.3113791
  3.2376574   2.89274138  2.46269344  3.79925738] 

Moving Straight [14.1332316  11.7902379  11.02859551  8.57758839  2.71389389  7.91414684
  0.28779941  0.20174982 -1.55102191 -5.87083751]_[-7.22903081 -3.96080759 -0.28230893  3.48037752  5.2494061   2.13622512
  2.69684456  6.22358408  9.94896476  9.55225105] 

drones next lat [48.33577209 48.3358013  48.33583433 48.33586799 48.33588344 48.33585584
 48.33586029 48.33589201 48.33592538 48.33592147] drones next lon [14.32683555 14.32680355 14.32679284 14.32675932 14.32668    14.32675053
 14.32664756 14.32664598 14.32662189 14.32656366] 
WayPoint_Count 8 

Leader Index 4 

Leader Contour 219.0 

Contour Threshold 250 

Previous Drone Positions [14.1332316  11.7902379  11.02859551  8.57758839  2.71389389  7.91414684
  0.28779941  0.20174982 -1.55102191 -5.87083751]_[-7.22903081 -3.96080759 -0.28230893  3.48037752  5.2494061   2.13622512
  2.69684456  6.22358408  9.94896476  9.55225105] 

Mean Previous Drone Positions [4.92253839 4.92253839 4.92253839 4.92253839 4.92253839 4.92253839
 4.92253839 4.92253839 4.92253839 4.92253839]_[2.78155059 2.78155059 2.78155059 2.78155059 2.78155059 2.78155059
 2.78155059 2.78155059 2.78155059 2.78155059] 

relative Drone Positions [ 14.39371779  11.19511384   7.99650988   4.79790593   1.59930198
  -1.59930198  -4.79790593  -7.99650988 -11.19511384 -14.39371779]_[-12.24870965  -9.52677418  -6.8048387   -4.08290322  -1.36096774
   1.36096774   4.08290322   6.8048387    9.52677418  12.24870965] 

current starting Drone Positions [19.31625618 16.11765223 12.91904828  9.72044432  6.52184037  3.32323642
  0.12463246 -3.07397149 -6.27257544 -9.4711794 ]_[-9.46715907 -6.74522359 -4.02328811 -1.30135263  1.42058285  4.14251833
  6.8644538   9.58638928 12.30832476 15.03026024] 

Mean Current Drone Positions [4.92253839 4.92253839 4.92253839 4.92253839 4.92253839 4.92253839
 4.92253839 4.92253839 4.92253839 4.92253839]_[2.78155059 2.78155059 2.78155059 2.78155059 2.78155059 2.78155059
 2.78155059 2.78155059 2.78155059 2.78155059] 

scanning direction vector [1.23522511 1.23522511 1.23522511 1.23522511 1.23522511 1.23522511
 1.23522511 1.23522511 1.23522511 1.23522511]_[1.45153915 1.45153915 1.45153915 1.45153915 1.45153915 1.45153915
 1.45153915 1.45153915 1.45153915 1.45153915] 

changing back speed 0.3 

velocity vector [ 2.79013248  2.53344941  1.80236094  1.57808189  2.37760905 -0.14204802
  1.18627503  0.25250872 -0.18124095  0.15512254]_[0.78010067 0.61621435 0.3292454  0.01702011 0.30289218 2.05342711
 2.70182192 2.46038071 2.15934715 3.09494191] 

Moving Straight [16.92336408 14.3236873  12.83095645 10.15567028  5.09150294  7.77209882
  1.47407443  0.45425853 -1.73226286 -5.71571497]_[-6.44893014 -3.34459324  0.04693647  3.49739763  5.55229827  4.18965223
  5.39866649  8.68396479 12.10831192 12.64719296] 

drones next lat [48.33577932 48.33580705 48.33583744 48.33586827 48.33588635 48.33587431
 48.33588469 48.33591416 48.33594479 48.33594933] drones next lon [14.3268731  14.32683766 14.32681712 14.32678061 14.32671204 14.32674837
 14.32666325 14.3266491  14.32661919 14.32656538] 
WayPoint_Count 9 

Leader Index 4 

Leader Contour 326.5 

Contour Threshold 250 

Converging Before Rutherford Scattering [15.98940532 12.09449298 10.69926664  7.49185248  5.59680539  4.99486641
  3.03849569  1.33965519 -1.14623509 -3.15592179]_[-5.90727878 -1.3424712   2.07112358  4.83502535  6.41524059  5.20197943
  4.58250974  6.92907961 11.23932466 12.00965622] 

Minimum Distance Within Rutherford Scattering 4.2 

Converging After Rutherford Scattering [16.34202736 12.42285439 11.39970053  8.75121141  6.15249228  5.01339355
  1.62367181  0.4209913  -0.75113079 -4.43252864]_[-6.31889514 -2.03084257  2.00063884  4.81629371  8.36434438  4.27956472
  3.26330932  7.31937947 11.69549018 12.64490629] 

drones next lat [48.33578045 48.33581871 48.3358549  48.33588002 48.33591173 48.3358749
 48.33586549 48.33590188 48.33594116 48.33594941] drones next lon [14.32686524 14.32681186 14.32679757 14.32676151 14.32672602 14.32671114
 14.32666552 14.32664881 14.32663248 14.3265827 ] 
WayPoint_Count 10 

Leader Index 4 

Leader Contour 293.5 

Contour Threshold 250 

Converging Before Rutherford Scattering [14.91881456 12.38969525 11.0269193   8.04621662  7.02452016  6.5162718
  2.02122921  1.40013701  0.08716758 -2.97239647]_[-5.63491116 -0.33517044  3.98049365  7.308811    8.85380057  6.46591438
  4.3920689   7.52636398 11.0959394  10.97598831] 

Minimum Distance Within Rutherford Scattering 4.2 

Converging After Rutherford Scattering [15.17786421 12.66945921 11.75369003  9.57978908  6.96672428  5.96049702
  1.48385393  0.84571525  0.1472136  -4.12623158]_[-6.09786083 -0.8281618   3.76796572  7.54318079 10.54378761  5.58019059
  3.27133515  7.56880804 12.03932102 11.24073228] 

drones next lat [48.33578234 48.33582955 48.33587083 48.33590462 48.3359314  48.33588667
 48.33586555 48.33590416 48.33594432 48.3359368 ] drones next lon [14.32684951 14.32681504 14.32680214 14.32677236 14.32673675 14.32672376
 14.32666363 14.32665451 14.32664456 14.326587  ] 
WayPoint_Count 11 

Leader Index 4 

Leader Contour 286.5 

Contour Threshold 250 

Converging Before Rutherford Scattering [14.89996482 12.23664618 10.09929519  8.89934623  6.36332149  7.33392122
  2.58864239  3.29483633  2.96585322 -3.07324248]_[-5.09896024  0.07365634  6.26724938  9.82557588  9.74635105  7.75780215
  3.87325705  7.68341705 12.11255761 10.78274471] 

Minimum Distance Within Rutherford Scattering 4.2 

Converging After Rutherford Scattering [15.15477984 12.45351287 11.25396178 10.28716266  6.07029652  7.34402014
  2.06580999  2.38144202  2.37839835 -3.78079958]_[-5.53840646 -0.24125541  5.67392741 10.90695895 10.86692297  6.83095371
  2.89929024  7.50086289 13.1768353  10.94756139] 

drones next lat [48.33578738 48.33583482 48.33588793 48.33593493 48.33593424 48.33589803
 48.33586225 48.33590367 48.33595473 48.33593419] drones next lon [14.32684913 14.32681206 14.32679517 14.32678151 14.32672462 14.32674228
 14.32667153 14.32667524 14.32667453 14.32659169] 
WayPoint_Count 12 

Leader Index 5 

Leader Contour 228.0 

Contour Threshold 250 

Previous Drone Positions [15.15477984 12.45351287 11.25396178 10.28716266  6.07029652  7.34402014
  2.06580999  2.38144202  2.37839835 -3.78079958]_[-5.53840646 -0.24125541  5.67392741 10.90695895 10.86692297  6.83095371
  2.89929024  7.50086289 13.1768353  10.94756139] 

Mean Previous Drone Positions [6.56085846 6.56085846 6.56085846 6.56085846 6.56085846 6.56085846
 6.56085846 6.56085846 6.56085846 6.56085846]_[6.3023651 6.3023651 6.3023651 6.3023651 6.3023651 6.3023651 6.3023651
 6.3023651 6.3023651 6.3023651] 

relative Drone Positions [-11.57189322  -9.0003614   -6.42882957  -3.85729774  -1.28576591
   1.28576591   3.85729774   6.42882957   9.0003614   11.57189322]_[-14.94326896 -11.62254252  -8.30181609  -4.98108965  -1.66036322
   1.66036322   4.98108965   8.30181609  11.62254252  14.94326896] 

current starting Drone Positions [-5.01103476 -2.43950294  0.13202889  2.70356072  5.27509255  7.84662437
 10.4181562  12.98968803 15.56121986 18.13275168]_[-8.64090386 -5.32017743 -1.99945099  1.32127544  4.64200188  7.96272832
 11.28345475 14.60418119 17.92490762 21.24563406] 

Mean Current Drone Positions [6.56085846 6.56085846 6.56085846 6.56085846 6.56085846 6.56085846
 6.56085846 6.56085846 6.56085846 6.56085846]_[6.3023651 6.3023651 6.3023651 6.3023651 6.3023651 6.3023651 6.3023651
 6.3023651 6.3023651 6.3023651] 

scanning direction vector [2.24621818 2.24621818 2.24621818 2.24621818 2.24621818 2.24621818
 2.24621818 2.24621818 2.24621818 2.24621818]_[-1.73944516 -1.73944516 -1.73944516 -1.73944516 -1.73944516 -1.73944516
 -1.73944516 -1.73944516 -1.73944516 -1.73944516] 

changing back speed 0.3 

velocity vector [-3.8035262  -2.22168656 -1.09036169 -0.0288624   2.00765699  2.39699945
  4.75192205  5.42869198  6.20106463  8.82028356]_[-2.67019439 -3.26312177 -4.04145869 -4.61515022 -3.60692149 -1.39991278
  0.77580419  0.39155032 -0.31502347  1.34997664] 

Moving Straight [11.35125364 10.23182631 10.1636001  10.25830026  8.07795351  9.74101959
  6.81773203  7.81013401  8.57946298  5.03948398]_[-8.20860084 -3.50437718  1.63246873  6.29180873  7.26000148  5.43104093
  3.67509443  7.89241322 12.86181183 12.29753802] 

drones next lat [48.33576305 48.33580528 48.33585149 48.33589341 48.33590195 48.33588563
 48.3358696  48.33590762 48.33595239 48.33594703] drones next lon [14.32679813 14.32678247 14.32678094 14.32678166 14.32675213 14.32677479
 14.32673555 14.32674844 14.32675824 14.32671054] 
WayPoint_Count 13 

Leader Index 4 

Leader Contour 172.5 

Contour Threshold 250 

Previous Drone Positions [11.35125364 10.23182631 10.1636001  10.25830026  8.07795351  9.74101959
  6.81773203  7.81013401  8.57946298  5.03948398]_[-8.20860084 -3.50437718  1.63246873  6.29180873  7.26000148  5.43104093
  3.67509443  7.89241322 12.86181183 12.29753802] 

Mean Previous Drone Positions [8.80707664 8.80707664 8.80707664 8.80707664 8.80707664 8.80707664
 8.80707664 8.80707664 8.80707664 8.80707664]_[4.56291993 4.56291993 4.56291993 4.56291993 4.56291993 4.56291993
 4.56291993 4.56291993 4.56291993 4.56291993] 

relative Drone Positions [-11.57189322  -9.0003614   -6.42882957  -3.85729774  -1.28576591
   1.28576591   3.85729774   6.42882957   9.0003614   11.57189322]_[-14.94326896 -11.62254252  -8.30181609  -4.98108965  -1.66036322
   1.66036322   4.98108965   8.30181609  11.62254252  14.94326896] 

current starting Drone Positions [-2.76481658 -0.19328476  2.37824707  4.9497789   7.52131073 10.09284255
 12.66437438 15.23590621 17.80743804 20.37896986]_[-10.38034903  -7.05962259  -3.73889616  -0.41816972   2.90255672
   6.22328315   9.54400959  12.86473602  16.18546246  19.50618889] 

Mean Current Drone Positions [8.80707664 8.80707664 8.80707664 8.80707664 8.80707664 8.80707664
 8.80707664 8.80707664 8.80707664 8.80707664]_[4.56291993 4.56291993 4.56291993 4.56291993 4.56291993 4.56291993
 4.56291993 4.56291993 4.56291993 4.56291993] 

scanning direction vector [2.24621818 2.24621818 2.24621818 2.24621818 2.24621818 2.24621818
 2.24621818 2.24621818 2.24621818 2.24621818]_[-1.73944516 -1.73944516 -1.73944516 -1.73944516 -1.73944516 -1.73944516
 -1.73944516 -1.73944516 -1.73944516 -1.73944516] 

changing back speed 0.3 

velocity vector [-1.98860289 -0.88131514 -0.08938773  0.65366177  2.07922535  2.35176507
  4.00021089  4.47394984  5.0146107   6.84806394]_[-2.39096962 -2.80601879 -3.35085463 -3.7524387  -3.04667859 -1.5017725
  0.02122938 -0.24774832 -0.74234998  0.4231501 ] 

Moving Straight [ 9.36265075  9.35051117 10.07421237 10.91196203 10.15717886 12.09278466
 10.81794292 12.28408385 13.59407368 11.88754793]_[-10.59957046  -6.31039597  -1.7183859    2.53937003   4.21332288
   3.92926843   3.69632381   7.64466489  12.11946185  12.72068812] 

drones next lat [48.33574139 48.33577997 48.33582134 48.33585971 48.33587471 48.33587231
 48.33587011 48.33590574 48.3359461  48.33595138] drones next lon [14.32677158 14.32677091 14.32678013 14.32679093 14.32678055 14.3268067
 14.32678952 14.32680884 14.32682598 14.32680289] 
WayPoint_Count 14 

Leader Index 4 

Leader Contour 145.0 

Contour Threshold 250 

Previous Drone Positions [ 9.36265075  9.35051117 10.07421237 10.91196203 10.15717886 12.09278466
 10.81794292 12.28408385 13.59407368 11.88754793]_[-10.59957046  -6.31039597  -1.7183859    2.53937003   4.21332288
   3.92926843   3.69632381   7.64466489  12.11946185  12.72068812] 

Mean Previous Drone Positions [11.05329482 11.05329482 11.05329482 11.05329482 11.05329482 11.05329482
 11.05329482 11.05329482 11.05329482 11.05329482]_[2.82347477 2.82347477 2.82347477 2.82347477 2.82347477 2.82347477
 2.82347477 2.82347477 2.82347477 2.82347477] 

relative Drone Positions [-11.57189322  -9.0003614   -6.42882957  -3.85729774  -1.28576591
   1.28576591   3.85729774   6.42882957   9.0003614   11.57189322]_[-14.94326896 -11.62254252  -8.30181609  -4.98108965  -1.66036322
   1.66036322   4.98108965   8.30181609  11.62254252  14.94326896] 

current starting Drone Positions [-0.5185984   2.05293342  4.62446525  7.19599708  9.76752891 12.33906073
 14.91059256 17.48212439 20.05365622 22.62518804]_[-12.11979419  -8.79906776  -5.47834132  -2.15761489   1.16311155
   4.48383799   7.80456442  11.12529086  14.44601729  17.76674373] 

Mean Current Drone Positions [11.05329482 11.05329482 11.05329482 11.05329482 11.05329482 11.05329482
 11.05329482 11.05329482 11.05329482 11.05329482]_[2.82347477 2.82347477 2.82347477 2.82347477 2.82347477 2.82347477
 2.82347477 2.82347477 2.82347477 2.82347477] 

scanning direction vector [2.24621818 2.24621818 2.24621818 2.24621818 2.24621818 2.24621818
 2.24621818 2.24621818 2.24621818 2.24621818]_[-1.73944516 -1.73944516 -1.73944516 -1.73944516 -1.73944516 -1.73944516
 -1.73944516 -1.73944516 -1.73944516 -1.73944516] 

changing back speed 0.3 

velocity vector [-0.71815657  0.05694486  0.61129405  1.13142869  2.1293232   2.320101
  3.47401307  3.80563034  4.18409294  5.46751022]_[-2.19551228 -2.4860467  -2.86743179 -3.14854064 -2.65450856 -1.5730743
 -0.50697298 -0.69525738 -1.04147853 -0.22562848] 

Moving Straight [ 8.64449419  9.40745603 10.68550642 12.04339073 12.28650205 14.41288566
 14.29195599 16.08971419 17.77816662 17.35505814]_[-12.79508275  -8.79644267  -4.58581769  -0.60917061   1.55881432
   2.35619413   3.18935083   6.94940752  11.07798332  12.49505964] 

drones next lat [48.33572158 48.33575761 48.33579559 48.33583147 48.335851   48.33585834
 48.33586582 48.33589979 48.33593706 48.33594978] drones next lon [14.32676215 14.32677197 14.32678872 14.32680657 14.32680959 14.32683819
 14.32683646 14.32686027 14.32688256 14.32687668] 
WayPoint_Count 15 

Leader Index 4 

Leader Contour 158.0 

Contour Threshold 250 

Previous Drone Positions [ 8.64449419  9.40745603 10.68550642 12.04339073 12.28650205 14.41288566
 14.29195599 16.08971419 17.77816662 17.35505814]_[-12.79508275  -8.79644267  -4.58581769  -0.60917061   1.55881432
   2.35619413   3.18935083   6.94940752  11.07798332  12.49505964] 

Mean Previous Drone Positions [13.299513 13.299513 13.299513 13.299513 13.299513 13.299513 13.299513
 13.299513 13.299513 13.299513]_[1.0840296 1.0840296 1.0840296 1.0840296 1.0840296 1.0840296 1.0840296
 1.0840296 1.0840296 1.0840296] 

relative Drone Positions [-11.57189322  -9.0003614   -6.42882957  -3.85729774  -1.28576591
   1.28576591   3.85729774   6.42882957   9.0003614   11.57189322]_[-14.94326896 -11.62254252  -8.30181609  -4.98108965  -1.66036322
   1.66036322   4.98108965   8.30181609  11.62254252  14.94326896] 

current starting Drone Positions [ 1.72761978  4.29915161  6.87068343  9.44221526 12.01374709 14.58527891
 17.15681074 19.72834257 22.2998744  24.87140622]_[-13.85923936 -10.53851292  -7.21778649  -3.89706005  -0.57633361
   2.74439282   6.06511926   9.38584569  12.70657213  16.02729856] 

Mean Current Drone Positions [13.299513 13.299513 13.299513 13.299513 13.299513 13.299513 13.299513
 13.299513 13.299513 13.299513]_[1.0840296 1.0840296 1.0840296 1.0840296 1.0840296 1.0840296 1.0840296
 1.0840296 1.0840296 1.0840296] 

scanning direction vector [2.24621818 2.24621818 2.24621818 2.24621818 2.24621818 2.24621818
 2.24621818 2.24621818 2.24621818 2.24621818]_[-1.73944516 -1.73944516 -1.73944516 -1.73944516 -1.73944516 -1.73944516
 -1.73944516 -1.73944516 -1.73944516 -1.73944516] 

changing back speed 0.3 

velocity vector [0.17115586 0.71372685 1.10177129 1.46586554 2.16439169 2.29793616
 3.10567461 3.33780669 3.60273051 4.50112261]_[-2.05869215 -2.26206624 -2.5290358  -2.725812   -2.37998954 -1.62298556
 -0.87671464 -1.00851371 -1.25086852 -0.67977349] 

Moving Straight [ 8.81565004 10.12118288 11.7872777  13.50925627 14.45089374 16.71082182
 17.3976306  19.42752088 21.38089713 21.85618075]_[-14.85377489 -11.05850891  -7.1148535   -3.3349826   -0.82117523
   0.73320857   2.31263619   5.94089381   9.8271148   11.81528615] 

drones next lat [48.33570307 48.33573732 48.33577293 48.33580707 48.33582976 48.33584392
 48.33585818 48.33589098 48.3359261  48.33594402] drones next lon [14.3267647  14.32678187 14.32680388 14.32682667 14.32683908 14.32686938
 14.32687846 14.32690542 14.32693132 14.3269375 ] 
WayPoint_Count 16 

Leader Index 4 

Leader Contour 148.5 

Contour Threshold 250 

Previous Drone Positions [ 8.81565004 10.12118288 11.7872777  13.50925627 14.45089374 16.71082182
 17.3976306  19.42752088 21.38089713 21.85618075]_[-14.85377489 -11.05850891  -7.1148535   -3.3349826   -0.82117523
   0.73320857   2.31263619   5.94089381   9.8271148   11.81528615] 

Mean Previous Drone Positions [15.54573118 15.54573118 15.54573118 15.54573118 15.54573118 15.54573118
 15.54573118 15.54573118 15.54573118 15.54573118]_[-0.65541556 -0.65541556 -0.65541556 -0.65541556 -0.65541556 -0.65541556
 -0.65541556 -0.65541556 -0.65541556 -0.65541556] 

relative Drone Positions [-11.57189322  -9.0003614   -6.42882957  -3.85729774  -1.28576591
   1.28576591   3.85729774   6.42882957   9.0003614   11.57189322]_[-14.94326896 -11.62254252  -8.30181609  -4.98108965  -1.66036322
   1.66036322   4.98108965   8.30181609  11.62254252  14.94326896] 

current starting Drone Positions [ 3.97383796  6.54536979  9.11690161 11.68843344 14.25996527 16.8314971
 19.40302892 21.97456075 24.54609258 27.1176244 ]_[-15.59868452 -12.27795809  -8.95723165  -5.63650521  -2.31577878
   1.00494766   4.32567409   7.64640053  10.96712696  14.2878534 ] 

Mean Current Drone Positions [15.54573118 15.54573118 15.54573118 15.54573118 15.54573118 15.54573118
 15.54573118 15.54573118 15.54573118 15.54573118]_[-0.65541556 -0.65541556 -0.65541556 -0.65541556 -0.65541556 -0.65541556
 -0.65541556 -0.65541556 -0.65541556 -0.65541556] 

scanning direction vector [2.24621818 2.24621818 2.24621818 2.24621818 2.24621818 2.24621818
 2.24621818 2.24621818 2.24621818 2.24621818]_[-1.73944516 -1.73944516 -1.73944516 -1.73944516 -1.73944516 -1.73944516
 -1.73944516 -1.73944516 -1.73944516 -1.73944516] 

changing back speed 0.3 

velocity vector [0.79367456 1.17347425 1.44510535 1.69997133 2.18893964 2.28242076
 2.84783768 3.01033014 3.19577681 3.82465128]_[-1.96291805 -2.10527992 -2.29215861 -2.42990195 -2.18782623 -1.65792344
 -1.13553379 -1.22779315 -1.39744152 -0.99767499] 

Moving Straight [ 9.6093246  11.29465713 13.23238306 15.2092276  16.63983338 18.99324258
 20.24546828 22.43785102 24.57667395 25.68083203]_[-16.81669295 -13.16378883  -9.40701211  -5.76488455  -3.00900146
  -0.92471487   1.1771024    4.71310066   8.42967328  10.81761116] 

drones next lat [48.33568548 48.33571847 48.33575242 48.33578534 48.33581025 48.33582918
 48.33584819 48.33588017 48.33591378 48.33593535] drones next lon [14.32677565 14.32679795 14.32682365 14.32684989 14.32686887 14.32690038
 14.32691702 14.32694618 14.3269746  14.32698922] 
WayPoint_Count 17 

Leader Index 4 

Leader Contour 112.0 

Contour Threshold 250 

Previous Drone Positions [ 9.6093246  11.29465713 13.23238306 15.2092276  16.63983338 18.99324258
 20.24546828 22.43785102 24.57667395 25.68083203]_[-16.81669295 -13.16378883  -9.40701211  -5.76488455  -3.00900146
  -0.92471487   1.1771024    4.71310066   8.42967328  10.81761116] 

Mean Previous Drone Positions [17.79194936 17.79194936 17.79194936 17.79194936 17.79194936 17.79194936
 17.79194936 17.79194936 17.79194936 17.79194936]_[-2.39486073 -2.39486073 -2.39486073 -2.39486073 -2.39486073 -2.39486073
 -2.39486073 -2.39486073 -2.39486073 -2.39486073] 

relative Drone Positions [-11.57189322  -9.0003614   -6.42882957  -3.85729774  -1.28576591
   1.28576591   3.85729774   6.42882957   9.0003614   11.57189322]_[-14.94326896 -11.62254252  -8.30181609  -4.98108965  -1.66036322
   1.66036322   4.98108965   8.30181609  11.62254252  14.94326896] 

current starting Drone Positions [ 6.22005614  8.79158797 11.36311979 13.93465162 16.50618345 19.07771528
 21.6492471  24.22077893 26.79231076 29.36384259]_[-17.33812969 -14.01740325 -10.69667682  -7.37595038  -4.05522394
  -0.73449751   2.58622893   5.90695536   9.2276818   12.54840823] 

Mean Current Drone Positions [17.79194936 17.79194936 17.79194936 17.79194936 17.79194936 17.79194936
 17.79194936 17.79194936 17.79194936 17.79194936]_[-2.39486073 -2.39486073 -2.39486073 -2.39486073 -2.39486073 -2.39486073
 -2.39486073 -2.39486073 -2.39486073 -2.39486073] 

scanning direction vector [2.24621818 2.24621818 2.24621818 2.24621818 2.24621818 2.24621818
 2.24621818 2.24621818 2.24621818 2.24621818]_[-1.73944516 -1.73944516 -1.73944516 -1.73944516 -1.73944516 -1.73944516
 -1.73944516 -1.73944516 -1.73944516 -1.73944516] 

changing back speed 0.3 

velocity vector [1.22943764 1.49529743 1.6854392  1.86384539 2.2061232  2.27155999
 2.66735183 2.78109655 2.91090922 3.35112135]_[-1.89587619 -1.99552949 -2.12634458 -2.22276491 -2.05331191 -1.68237996
 -1.31670721 -1.38128875 -1.50004261 -1.22020604] 

Moving Straight [10.83876224 12.78995456 14.91782226 17.07307299 18.84595658 21.26480257
 22.9128201  25.21894758 27.48758317 29.03195337]_[-18.71256913 -15.15931832 -11.53335668  -7.98764947  -5.06231337
  -2.60709482  -0.13960481   3.3318119    6.92963067   9.59740512] 

drones next lat [48.33566852 48.33570064 48.33573343 48.33576549 48.33579195 48.33581423
 48.33583656 48.33586797 48.33590051 48.33592463] drones next lon [14.32679246 14.32681836 14.32684664 14.3268753  14.32689888 14.32693122
 14.32695317 14.32698387 14.32701406 14.32703458] 
WayPoint_Count 18 

Leader Index 4 

Leader Contour 109.5 

Contour Threshold 250 

Previous Drone Positions [10.83876224 12.78995456 14.91782226 17.07307299 18.84595658 21.26480257
 22.9128201  25.21894758 27.48758317 29.03195337]_[-18.71256913 -15.15931832 -11.53335668  -7.98764947  -5.06231337
  -2.60709482  -0.13960481   3.3318119    6.92963067   9.59740512] 

Mean Previous Drone Positions [20.03816754 20.03816754 20.03816754 20.03816754 20.03816754 20.03816754
 20.03816754 20.03816754 20.03816754 20.03816754]_[-4.13430589 -4.13430589 -4.13430589 -4.13430589 -4.13430589 -4.13430589
 -4.13430589 -4.13430589 -4.13430589 -4.13430589] 

relative Drone Positions [-11.57189322  -9.0003614   -6.42882957  -3.85729774  -1.28576591
   1.28576591   3.85729774   6.42882957   9.0003614   11.57189322]_[-14.94326896 -11.62254252  -8.30181609  -4.98108965  -1.66036322
   1.66036322   4.98108965   8.30181609  11.62254252  14.94326896] 

current starting Drone Positions [ 8.46627432 11.03780615 13.60933797 16.1808698  18.75240163 21.32393346
 23.89546528 26.46699711 29.03852894 31.61006077]_[-19.07757485 -15.75684842 -12.43612198  -9.11539554  -5.79466911
  -2.47394267   0.84678376   4.1675102    7.48823663  10.80896307] 

Mean Current Drone Positions [20.03816754 20.03816754 20.03816754 20.03816754 20.03816754 20.03816754
 20.03816754 20.03816754 20.03816754 20.03816754]_[-4.13430589 -4.13430589 -4.13430589 -4.13430589 -4.13430589 -4.13430589
 -4.13430589 -4.13430589 -4.13430589 -4.13430589] 

scanning direction vector [2.24621818 2.24621818 2.24621818 2.24621818 2.24621818 2.24621818
 2.24621818 2.24621818 2.24621818 2.24621818]_[-1.73944516 -1.73944516 -1.73944516 -1.73944516 -1.73944516 -1.73944516
 -1.73944516 -1.73944516 -1.73944516 -1.73944516] 

changing back speed 0.3 

velocity vector [1.5344718  1.72057366 1.8536729  1.97855722 2.21815169 2.26395745
 2.54101173 2.62063304 2.71150191 3.0196504 ]_[-1.84894688 -1.91870419 -2.01027475 -2.07776899 -1.95915189 -1.69949952
 -1.44352859 -1.48873568 -1.57186338 -1.37597778] 

Moving Straight [12.37323405 14.51052822 16.77149515 19.05163021 21.06410828 23.52876002
 25.45383184 27.83958062 30.19908508 32.05160377]_[-20.56151601 -17.07802251 -13.54363144 -10.06541845  -7.02146526
  -4.30659434  -1.5831334    1.84307623   5.3577673    8.22142734] 

drones next lat [48.33565201 48.33568351 48.33571549 48.33574696 48.3357745  48.33579912
 48.33582377 48.33585478 48.33588659 48.33591249] drones next lon [14.32681338 14.32684181 14.32687189 14.32690225 14.32692904 14.32696197
 14.32698762 14.32701941 14.32705083 14.32707548] 
WayPoint_Count 19 

Leader Index 4 

Leader Contour 110.5 

Contour Threshold 250 

Previous Drone Positions [12.37323405 14.51052822 16.77149515 19.05163021 21.06410828 23.52876002
 25.45383184 27.83958062 30.19908508 32.05160377]_[-20.56151601 -17.07802251 -13.54363144 -10.06541845  -7.02146526
  -4.30659434  -1.5831334    1.84307623   5.3577673    8.22142734] 

Mean Previous Drone Positions [22.28438572 22.28438572 22.28438572 22.28438572 22.28438572 22.28438572
 22.28438572 22.28438572 22.28438572 22.28438572]_[-5.87375106 -5.87375106 -5.87375106 -5.87375106 -5.87375106 -5.87375106
 -5.87375106 -5.87375106 -5.87375106 -5.87375106] 

relative Drone Positions [-11.57189322  -9.0003614   -6.42882957  -3.85729774  -1.28576591
   1.28576591   3.85729774   6.42882957   9.0003614   11.57189322]_[-14.94326896 -11.62254252  -8.30181609  -4.98108965  -1.66036322
   1.66036322   4.98108965   8.30181609  11.62254252  14.94326896] 

current starting Drone Positions [10.7124925  13.28402433 15.85555616 18.42708798 20.99861981 23.57015164
 26.14168346 28.71321529 31.28474712 33.85627895]_[-20.81702002 -17.49629358 -14.17556715 -10.85484071  -7.53411427
  -4.21338784  -0.8926614    2.42806503   5.74879147   9.0695179 ] 

Mean Current Drone Positions [22.28438572 22.28438572 22.28438572 22.28438572 22.28438572 22.28438572
 22.28438572 22.28438572 22.28438572 22.28438572]_[-5.87375106 -5.87375106 -5.87375106 -5.87375106 -5.87375106 -5.87375106
 -5.87375106 -5.87375106 -5.87375106 -5.87375106] 

scanning direction vector [2.24621818 2.24621818 2.24621818 2.24621818 2.24621818 2.24621818
 2.24621818 2.24621818 2.24621818 2.24621818]_[-1.73944516 -1.73944516 -1.73944516 -1.73944516 -1.73944516 -1.73944516
 -1.73944516 -1.73944516 -1.73944516 -1.73944516] 

changing back speed 0.3 

velocity vector [1.74799572 1.87826701 1.97143648 2.05885551 2.22657164 2.25863567
 2.45257367 2.50830858 2.57191679 2.78762073]_[-1.81609637 -1.86492649 -1.92902588 -1.97627184 -1.89323987 -1.71148321
 -1.53230356 -1.56394852 -1.62213791 -1.48501799] 

Moving Straight [14.12122976 16.38879523 18.74293163 21.11048572 23.29067992 25.78739568
 27.90640551 30.3478892  32.77100187 34.83922451]_[-22.37761238 -18.942949   -15.47265732 -12.0416903   -8.91470513
  -6.01807756  -3.11543697   0.2791277    3.73562938   6.73640934] 

drones next lat [48.33563581 48.33566688 48.33569829 48.33572934 48.33575764 48.3357839
 48.33581018 48.33584091 48.3358722  48.33589935] drones next lon [14.32683718 14.32686737 14.32689872 14.32693026 14.32695931 14.32699265
 14.3270209  14.32705344 14.32708572 14.32711327] 
WayPoint_Count 20 

Leader Index 4 

Leader Contour 115.0 

Contour Threshold 250 

Previous Drone Positions [14.12122976 16.38879523 18.74293163 21.11048572 23.29067992 25.78739568
 27.90640551 30.3478892  32.77100187 34.83922451]_[-22.37761238 -18.942949   -15.47265732 -12.0416903   -8.91470513
  -6.01807756  -3.11543697   0.2791277    3.73562938   6.73640934] 

Mean Previous Drone Positions [24.5306039 24.5306039 24.5306039 24.5306039 24.5306039 24.5306039
 24.5306039 24.5306039 24.5306039 24.5306039]_[-7.61319622 -7.61319622 -7.61319622 -7.61319622 -7.61319622 -7.61319622
 -7.61319622 -7.61319622 -7.61319622 -7.61319622] 

relative Drone Positions [-11.57189322  -9.0003614   -6.42882957  -3.85729774  -1.28576591
   1.28576591   3.85729774   6.42882957   9.0003614   11.57189322]_[-14.94326896 -11.62254252  -8.30181609  -4.98108965  -1.66036322
   1.66036322   4.98108965   8.30181609  11.62254252  14.94326896] 

current starting Drone Positions [12.95871068 15.53024251 18.10177434 20.67330616 23.24483799 25.81636982
 28.38790165 30.95943347 33.5309653  36.10249713]_[-22.55646518 -19.23573875 -15.91501231 -12.59428587  -9.27355944
  -5.952833    -2.63210657   0.68861987   4.0093463    7.33007274] 

Mean Current Drone Positions [24.5306039 24.5306039 24.5306039 24.5306039 24.5306039 24.5306039
 24.5306039 24.5306039 24.5306039 24.5306039]_[-7.61319622 -7.61319622 -7.61319622 -7.61319622 -7.61319622 -7.61319622
 -7.61319622 -7.61319622 -7.61319622 -7.61319622] 

scanning direction vector [2.24621818 2.24621818 2.24621818 2.24621818 2.24621818 2.24621818
 2.24621818 2.24621818 2.24621818 2.24621818]_[-1.73944516 -1.73944516 -1.73944516 -1.73944516 -1.73944516 -1.73944516
 -1.73944516 -1.73944516 -1.73944516 -1.73944516] 

changing back speed 0.3 

velocity vector [1.89746246 1.98865236 2.05387099 2.11506431 2.2324656  2.25491042
 2.39066702 2.42968146 2.47420721 2.62519997]_[-1.79310101 -1.82728209 -1.87215166 -1.90522384 -1.84710146 -1.7198718
 -1.59444604 -1.61659752 -1.65733009 -1.56134615] 

Moving Straight [16.01869222 18.3774476  20.79680263 23.22555004 25.52314552 28.0423061
 30.29707253 32.77757066 35.24520908 37.46442447]_[-24.17071339 -20.77023109 -17.34480898 -13.94691413 -10.76180658
  -7.73794936  -4.70988301  -1.33746981   2.07829929   5.1750632 ] 

drones next lat [48.33561983 48.3356506  48.33568161 48.33571237 48.3357412  48.33576861
 48.33579602 48.33582656 48.33585748 48.33588552] drones next lon [14.32686299 14.32689442 14.32692665 14.32695902 14.32698965 14.32702328
 14.32705334 14.32708641 14.3271193  14.32714888] 
WayPoint_Count 21 

Leader Index 4 

Leader Contour 148.0 

Contour Threshold 250 

Previous Drone Positions [16.01869222 18.3774476  20.79680263 23.22555004 25.52314552 28.0423061
 30.29707253 32.77757066 35.24520908 37.46442447]_[-24.17071339 -20.77023109 -17.34480898 -13.94691413 -10.76180658
  -7.73794936  -4.70988301  -1.33746981   2.07829929   5.1750632 ] 

Mean Previous Drone Positions [26.77682208 26.77682208 26.77682208 26.77682208 26.77682208 26.77682208
 26.77682208 26.77682208 26.77682208 26.77682208]_[-9.35264139 -9.35264139 -9.35264139 -9.35264139 -9.35264139 -9.35264139
 -9.35264139 -9.35264139 -9.35264139 -9.35264139] 

relative Drone Positions [-11.57189322  -9.0003614   -6.42882957  -3.85729774  -1.28576591
   1.28576591   3.85729774   6.42882957   9.0003614   11.57189322]_[-14.94326896 -11.62254252  -8.30181609  -4.98108965  -1.66036322
   1.66036322   4.98108965   8.30181609  11.62254252  14.94326896] 

current starting Drone Positions [15.20492886 17.77646069 20.34799252 22.91952434 25.49105617 28.062588
 30.63411983 33.20565165 35.77718348 38.34871531]_[-24.29591035 -20.97518391 -17.65445747 -14.33373104 -11.0130046
  -7.69227817  -4.37155173  -1.0508253    2.26990114   5.59062758] 

Mean Current Drone Positions [26.77682208 26.77682208 26.77682208 26.77682208 26.77682208 26.77682208
 26.77682208 26.77682208 26.77682208 26.77682208]_[-9.35264139 -9.35264139 -9.35264139 -9.35264139 -9.35264139 -9.35264139
 -9.35264139 -9.35264139 -9.35264139 -9.35264139] 

scanning direction vector [2.24621818 2.24621818 2.24621818 2.24621818 2.24621818 2.24621818
 2.24621818 2.24621818 2.24621818 2.24621818]_[-1.73944516 -1.73944516 -1.73944516 -1.73944516 -1.73944516 -1.73944516
 -1.73944516 -1.73944516 -1.73944516 -1.73944516] 

changing back speed 0.3 

velocity vector [2.00208917 2.06592211 2.11157515 2.15441047 2.23659138 2.25230275
 2.34733237 2.37464248 2.4058105  2.51150543]_[-1.77700425 -1.80093101 -1.83233971 -1.85549024 -1.81480457 -1.72574381
 -1.63794578 -1.65345181 -1.68196461 -1.61477585] 

Moving Straight [18.02078139 20.4433697  22.90837777 25.37996051 27.7597369  30.29460885
 32.6444049  35.15221314 37.65101958 39.9759299 ]_[-25.94771764 -22.5711621  -19.17714869 -15.80240437 -12.57661115
  -9.46369316  -6.34782879  -2.99092162   0.39633468   3.56028735] 

drones next lat [48.335604   48.33563457 48.33566529 48.33569585 48.33572505 48.33575326
 48.33578147 48.33581187 48.33584254 48.33587119] drones next lon [14.32689022 14.32692251 14.32695536 14.32698831 14.32702004 14.32705387
 14.32708521 14.32711865 14.32715196 14.32718295] 
WayPoint_Count 22 

Leader Index 4 

Leader Contour 172.5 

Contour Threshold 250 

Previous Drone Positions [18.02078139 20.4433697  22.90837777 25.37996051 27.7597369  30.29460885
 32.6444049  35.15221314 37.65101958 39.9759299 ]_[-25.94771764 -22.5711621  -19.17714869 -15.80240437 -12.57661115
  -9.46369316  -6.34782879  -2.99092162   0.39633468   3.56028735] 

Mean Previous Drone Positions [29.02304027 29.02304027 29.02304027 29.02304027 29.02304027 29.02304027
 29.02304027 29.02304027 29.02304027 29.02304027]_[-11.09208655 -11.09208655 -11.09208655 -11.09208655 -11.09208655
 -11.09208655 -11.09208655 -11.09208655 -11.09208655 -11.09208655] 

relative Drone Positions [-11.57189322  -9.0003614   -6.42882957  -3.85729774  -1.28576591
   1.28576591   3.85729774   6.42882957   9.0003614   11.57189322]_[-14.94326896 -11.62254252  -8.30181609  -4.98108965  -1.66036322
   1.66036322   4.98108965   8.30181609  11.62254252  14.94326896] 

current starting Drone Positions [17.45114704 20.02267887 22.5942107  25.16574252 27.73727435 30.30880618
 32.88033801 35.45186983 38.02340166 40.59493349]_[-26.03535551 -22.71462908 -19.39390264 -16.0731762  -12.75244977
  -9.43172333  -6.1109969   -2.79027046   0.53045597   3.85118241] 

Mean Current Drone Positions [29.02304027 29.02304027 29.02304027 29.02304027 29.02304027 29.02304027
 29.02304027 29.02304027 29.02304027 29.02304027]_[-11.09208655 -11.09208655 -11.09208655 -11.09208655 -11.09208655
 -11.09208655 -11.09208655 -11.09208655 -11.09208655 -11.09208655] 

scanning direction vector [2.24621818 2.24621818 2.24621818 2.24621818 2.24621818 2.24621818
 2.24621818 2.24621818 2.24621818 2.24621818]_[-1.73944516 -1.73944516 -1.73944516 -1.73944516 -1.73944516 -1.73944516
 -1.73944516 -1.73944516 -1.73944516 -1.73944516] 

changing back speed 0.3 

velocity vector [2.07532788 2.12001093 2.15196806 2.18195279 2.23947942 2.25047738
 2.31699811 2.33611519 2.3579328  2.43191926]_[-1.76573653 -1.78248526 -1.80447135 -1.82067671 -1.79219675 -1.72985422
 -1.6683956  -1.67924982 -1.69920878 -1.65217665] 

Moving Straight [20.09610927 22.56338063 25.06034583 27.56191329 29.99921631 32.54508623
 34.96140301 37.48832833 40.00895239 42.40784916]_[-27.71345417 -24.35364736 -20.98162004 -17.62308109 -14.3688079
 -11.19354738  -8.01622439  -4.67017144  -1.30287409   1.9081107 ] 

drones next lat [48.33558828 48.3356187  48.33564923 48.33567964 48.33570911 48.33573787
 48.33576665 48.33579695 48.33582744 48.33585652] drones next lon [14.32691843 14.32695132 14.32698461 14.32701797 14.32705047 14.32708444
 14.32711667 14.32715036 14.32718398 14.32721596] 
WayPoint_Count 23 

Leader Index 4 

Leader Contour 69.5 

Contour Threshold 250 

Previous Drone Positions [20.09610927 22.56338063 25.06034583 27.56191329 29.99921631 32.54508623
 34.96140301 37.48832833 40.00895239 42.40784916]_[-27.71345417 -24.35364736 -20.98162004 -17.62308109 -14.3688079
 -11.19354738  -8.01622439  -4.67017144  -1.30287409   1.9081107 ] 

Mean Previous Drone Positions [31.26925845 31.26925845 31.26925845 31.26925845 31.26925845 31.26925845
 31.26925845 31.26925845 31.26925845 31.26925845]_[-12.83153172 -12.83153172 -12.83153172 -12.83153172 -12.83153172
 -12.83153172 -12.83153172 -12.83153172 -12.83153172 -12.83153172] 

relative Drone Positions [-11.57189322  -9.0003614   -6.42882957  -3.85729774  -1.28576591
   1.28576591   3.85729774   6.42882957   9.0003614   11.57189322]_[-14.94326896 -11.62254252  -8.30181609  -4.98108965  -1.66036322
   1.66036322   4.98108965   8.30181609  11.62254252  14.94326896] 

current starting Drone Positions [19.69736522 22.26889705 24.84042888 27.4119607  29.98349253 32.55502436
 35.12655619 37.69808801 40.26961984 42.84115167]_[-27.77480068 -24.45407424 -21.1333478  -17.81262137 -14.49189493
 -11.1711685   -7.85044206  -4.52971563  -1.20898919   2.11173725] 

Mean Current Drone Positions [31.26925845 31.26925845 31.26925845 31.26925845 31.26925845 31.26925845
 31.26925845 31.26925845 31.26925845 31.26925845]_[-12.83153172 -12.83153172 -12.83153172 -12.83153172 -12.83153172
 -12.83153172 -12.83153172 -12.83153172 -12.83153172 -12.83153172] 

scanning direction vector [2.24621818 2.24621818 2.24621818 2.24621818 2.24621818 2.24621818
 2.24621818 2.24621818 2.24621818 2.24621818]_[-1.73944516 -1.73944516 -1.73944516 -1.73944516 -1.73944516 -1.73944516
 -1.73944516 -1.73944516 -1.73944516 -1.73944516] 

changing back speed 0.3 

velocity vector [2.12659497 2.15787311 2.18024309 2.2012324  2.24150105 2.24919962
 2.29576413 2.30914609 2.32441842 2.37620893]_[-1.75784912 -1.76957323 -1.78496349 -1.79630725 -1.77637127 -1.7327315
 -1.68971047 -1.69730842 -1.71127969 -1.6783572 ] 

Moving Straight [22.22270423 24.72125374 27.24058893 29.7631457  32.24071736 34.79428585
 37.25716714 39.79747442 42.3333708  44.78405809]_[-29.47130328 -26.12322059 -22.76658354 -19.41938834 -16.14517918
 -12.92627888  -9.70593486  -6.36747986  -3.01415379   0.2297535 ] 

drones next lat [48.33557263 48.33560295 48.33563334 48.33566365 48.33569331 48.33572246
 48.33575163 48.33578186 48.33581223 48.3358416 ] drones next lon [14.32694733 14.32698064 14.32701424 14.32704788 14.32708092 14.32711499
 14.32714784 14.32718172 14.32721554 14.32724822] 
WayPoint_Count 24 

Leader Index 3 

Leader Contour 80.5 

Contour Threshold 250 

Previous Drone Positions [22.22270423 24.72125374 27.24058893 29.7631457  32.24071736 34.79428585
 37.25716714 39.79747442 42.3333708  44.78405809]_[-29.47130328 -26.12322059 -22.76658354 -19.41938834 -16.14517918
 -12.92627888  -9.70593486  -6.36747986  -3.01415379   0.2297535 ] 

Mean Previous Drone Positions [33.51547663 33.51547663 33.51547663 33.51547663 33.51547663 33.51547663
 33.51547663 33.51547663 33.51547663 33.51547663]_[-14.57097688 -14.57097688 -14.57097688 -14.57097688 -14.57097688
 -14.57097688 -14.57097688 -14.57097688 -14.57097688 -14.57097688] 

relative Drone Positions [-11.57189322  -9.0003614   -6.42882957  -3.85729774  -1.28576591
   1.28576591   3.85729774   6.42882957   9.0003614   11.57189322]_[-14.94326896 -11.62254252  -8.30181609  -4.98108965  -1.66036322
   1.66036322   4.98108965   8.30181609  11.62254252  14.94326896] 

current starting Drone Positions [21.9435834  24.51511523 27.08664706 29.65817889 32.22971071 34.80124254
 37.37277437 39.94430619 42.51583802 45.08736985]_[-29.51424584 -26.19351941 -22.87279297 -19.55206653 -16.2313401
 -12.91061366  -9.58988723  -6.26916079  -2.94843436   0.37229208] 

Mean Current Drone Positions [33.51547663 33.51547663 33.51547663 33.51547663 33.51547663 33.51547663
 33.51547663 33.51547663 33.51547663 33.51547663]_[-14.57097688 -14.57097688 -14.57097688 -14.57097688 -14.57097688
 -14.57097688 -14.57097688 -14.57097688 -14.57097688 -14.57097688] 

scanning direction vector [2.24621818 2.24621818 2.24621818 2.24621818 2.24621818 2.24621818
 2.24621818 2.24621818 2.24621818 2.24621818]_[-1.73944516 -1.73944516 -1.73944516 -1.73944516 -1.73944516 -1.73944516
 -1.73944516 -1.73944516 -1.73944516 -1.73944516] 

changing back speed 0.3 

velocity vector [2.16248193 2.18437663 2.20003562 2.21472814 2.24291619 2.24830519
 2.28090035 2.29026771 2.30095835 2.33721171]_[-1.75232793 -1.76053481 -1.771308   -1.77924862 -1.76529344 -1.7347456
 -1.70463088 -1.70994944 -1.71972934 -1.69668359] 

Moving Straight [24.38518617 26.90563037 29.44062455 31.97787383 34.48363355 37.04259104
 39.53806749 42.08774213 44.63432915 47.1212698 ]_[-31.22363122 -27.8837554  -24.53789153 -21.19863696 -17.91047262
 -14.66102448 -11.41056573  -8.0774293   -4.73388312  -1.46693009] 

drones next lat [48.33555704 48.33558728 48.33561758 48.33564782 48.3356776  48.33570704
 48.33573647 48.33576666 48.33579694 48.33582653] drones next lon [14.32697671 14.32701033 14.32704413 14.32707797 14.32711139 14.32714553
 14.32717882 14.32721283 14.32724679 14.32727996] 
WayPoint_Count 25 

Leader Index 4 

Leader Contour 78.5 

Contour Threshold 250 

Previous Drone Positions [24.38518617 26.90563037 29.44062455 31.97787383 34.48363355 37.04259104
 39.53806749 42.08774213 44.63432915 47.1212698 ]_[-31.22363122 -27.8837554  -24.53789153 -21.19863696 -17.91047262
 -14.66102448 -11.41056573  -8.0774293   -4.73388312  -1.46693009] 

Mean Previous Drone Positions [35.76169481 35.76169481 35.76169481 35.76169481 35.76169481 35.76169481
 35.76169481 35.76169481 35.76169481 35.76169481]_[-16.31042205 -16.31042205 -16.31042205 -16.31042205 -16.31042205
 -16.31042205 -16.31042205 -16.31042205 -16.31042205 -16.31042205] 

relative Drone Positions [-11.57189322  -9.0003614   -6.42882957  -3.85729774  -1.28576591
   1.28576591   3.85729774   6.42882957   9.0003614   11.57189322]_[-14.94326896 -11.62254252  -8.30181609  -4.98108965  -1.66036322
   1.66036322   4.98108965   8.30181609  11.62254252  14.94326896] 

current starting Drone Positions [24.18980158 26.76133341 29.33286524 31.90439707 34.47592889 37.04746072
 39.61899255 42.19052438 44.7620562  47.33358803]_[-31.25369101 -27.93296457 -24.61223813 -21.2915117  -17.97078526
 -14.65005883 -11.32933239  -8.00860596  -4.68787952  -1.36715308] 

Mean Current Drone Positions [35.76169481 35.76169481 35.76169481 35.76169481 35.76169481 35.76169481
 35.76169481 35.76169481 35.76169481 35.76169481]_[-16.31042205 -16.31042205 -16.31042205 -16.31042205 -16.31042205
 -16.31042205 -16.31042205 -16.31042205 -16.31042205 -16.31042205] 

scanning direction vector [2.24621818 2.24621818 2.24621818 2.24621818 2.24621818 2.24621818
 2.24621818 2.24621818 2.24621818 2.24621818]_[-1.73944516 -1.73944516 -1.73944516 -1.73944516 -1.73944516 -1.73944516
 -1.73944516 -1.73944516 -1.73944516 -1.73944516] 

changing back speed 0.3 

velocity vector [2.18760281 2.20292909 2.21389039 2.22417515 2.24390678 2.24767909
 2.2704957  2.27705285 2.2845363  2.30991365]_[-1.7484631  -1.75420792 -1.76174915 -1.76730759 -1.75753896 -1.73615547
 -1.71507516 -1.71879816 -1.72564408 -1.70951206] 

Moving Straight [26.57278897 29.10855946 31.65451493 34.20204898 36.72754033 39.29027012
 41.80856319 44.36479498 46.91886545 49.43118345]_[-32.97209432 -29.63796331 -26.29964068 -22.96594455 -19.66801158
 -16.39717995 -13.12564089  -9.79622746  -6.45952721  -3.17644215] 

drones next lat [48.33554148 48.33557168 48.33560191 48.3356321  48.33566197 48.33569159
 48.33572122 48.33575138 48.3357816  48.33581133] drones next lon [14.32700644 14.32704026 14.32707421 14.32710819 14.32714187 14.32717607
 14.32720966 14.32724375 14.32727782 14.32731133] 
WayPoint_Count 26 

Leader Index 5 

Leader Contour 63.0 

Contour Threshold 250 

Previous Drone Positions [26.57278897 29.10855946 31.65451493 34.20204898 36.72754033 39.29027012
 41.80856319 44.36479498 46.91886545 49.43118345]_[-32.97209432 -29.63796331 -26.29964068 -22.96594455 -19.66801158
 -16.39717995 -13.12564089  -9.79622746  -6.45952721  -3.17644215] 

Mean Previous Drone Positions [38.00791299 38.00791299 38.00791299 38.00791299 38.00791299 38.00791299
 38.00791299 38.00791299 38.00791299 38.00791299]_[-18.04986721 -18.04986721 -18.04986721 -18.04986721 -18.04986721
 -18.04986721 -18.04986721 -18.04986721 -18.04986721 -18.04986721] 

relative Drone Positions [-11.57189322  -9.0003614   -6.42882957  -3.85729774  -1.28576591
   1.28576591   3.85729774   6.42882957   9.0003614   11.57189322]_[-14.94326896 -11.62254252  -8.30181609  -4.98108965  -1.66036322
   1.66036322   4.98108965   8.30181609  11.62254252  14.94326896] 

current starting Drone Positions [26.43601976 29.00755159 31.57908342 34.15061525 36.72214707 39.2936789
 41.86521073 44.43674256 47.00827438 49.57980621]_[-32.99313617 -29.67240974 -26.3516833  -23.03095686 -19.71023043
 -16.38950399 -13.06877756  -9.74805112  -6.42732469  -3.10659825] 

Mean Current Drone Positions [38.00791299 38.00791299 38.00791299 38.00791299 38.00791299 38.00791299
 38.00791299 38.00791299 38.00791299 38.00791299]_[-18.04986721 -18.04986721 -18.04986721 -18.04986721 -18.04986721
 -18.04986721 -18.04986721 -18.04986721 -18.04986721 -18.04986721] 

scanning direction vector [2.24621818 2.24621818 2.24621818 2.24621818 2.24621818 2.24621818
 2.24621818 2.24621818 2.24621818 2.24621818]_[-1.73944516 -1.73944516 -1.73944516 -1.73944516 -1.73944516 -1.73944516
 -1.73944516 -1.73944516 -1.73944516 -1.73944516] 

changing back speed 0.3 

velocity vector [2.20518742 2.21591582 2.22358873 2.23078806 2.2446002  2.24724081
 2.26321244 2.26780245 2.27304086 2.29080501]_[-1.74575772 -1.74977909 -1.75505795 -1.75894886 -1.75211082 -1.73714238
 -1.72238616 -1.72499226 -1.72978441 -1.71849199] 

Moving Straight [28.77797639 31.32447528 33.87810366 36.43283704 38.97214053 41.53751094
 44.07177563 46.63259744 49.19190631 51.72198846]_[-34.71785204 -31.38774241 -28.05469863 -24.72489341 -21.4201224
 -18.13432233 -14.84802706 -11.52121973  -8.18931162  -4.89493415] 

drones next lat [48.33552595 48.33555611 48.3355863  48.33561645 48.33564638 48.33567614
 48.33570591 48.33573604 48.33576621 48.33579605] drones next lon [14.3270364  14.32707036 14.32710442 14.3271385  14.32717237 14.32720659
 14.3272404  14.32727455 14.32730869 14.32734244] 
