WayPoint_Count 1 

Leader Index 4 

Leader Contour 167.5 

Contour Threshold 175 

Previous Drone Positions [ 18.9  14.7  10.5   6.3   2.1  -2.1  -6.3 -10.5 -14.7 -18.9]_[-12. -12. -12. -12. -12. -12. -12. -12. -12. -12.] 

Mean Previous Drone Positions [0. 0. 0. 0. 0. 0. 0. 0. 0. 0.]_[-12. -12. -12. -12. -12. -12. -12. -12. -12. -12.] 

relative Drone Positions [ 18.9  14.7  10.5   6.3   2.1  -2.1  -6.3 -10.5 -14.7 -18.9]_[-0. -0. -0. -0.  0.  0.  0.  0.  0.  0.] 

current starting Drone Positions [ 18.9  14.7  10.5   6.3   2.1  -2.1  -6.3 -10.5 -14.7 -18.9]_[-12. -12. -12. -12. -12. -12. -12. -12. -12. -12.] 

scanning direction vector [0. 0. 0. 0. 0. 0. 0. 0. 0. 0.]_[2. 2. 2. 2. 2. 2. 2. 2. 2. 2.] 

changing back speed 3.0 

velocity vector [0. 0. 0. 0. 0. 0. 0. 0. 0. 0.]_[2. 2. 2. 2. 2. 2. 2. 2. 2. 2.] 

Moving Straight [ 18.9  14.7  10.5   6.3   2.1  -2.1  -6.3 -10.5 -14.7 -18.9]_[-10. -10. -10. -10. -10. -10. -10. -10. -10. -10.] 

drones next lat [48.33574753 48.3357472  48.33574687 48.33574654 48.33574621 48.33574588
 48.33574554 48.33574521 48.33574488 48.33574455] drones next lon [14.32690019 14.32684352 14.32678686 14.32673019 14.32667352 14.32661685
 14.32656018 14.32650351 14.32644685 14.32639018] 
WayPoint_Count 2 

Leader Index 4 

Leader Contour 136.5 

Contour Threshold 175 

Previous Drone Positions [ 18.9  14.7  10.5   6.3   2.1  -2.1  -6.3 -10.5 -14.7 -18.9]_[-10. -10. -10. -10. -10. -10. -10. -10. -10. -10.] 

Mean Previous Drone Positions [0. 0. 0. 0. 0. 0. 0. 0. 0. 0.]_[-10. -10. -10. -10. -10. -10. -10. -10. -10. -10.] 

relative Drone Positions [ 18.9  14.7  10.5   6.3   2.1  -2.1  -6.3 -10.5 -14.7 -18.9]_[-0. -0. -0. -0.  0.  0.  0.  0.  0.  0.] 

current starting Drone Positions [ 18.9  14.7  10.5   6.3   2.1  -2.1  -6.3 -10.5 -14.7 -18.9]_[-10. -10. -10. -10. -10. -10. -10. -10. -10. -10.] 

scanning direction vector [0. 0. 0. 0. 0. 0. 0. 0. 0. 0.]_[2. 2. 2. 2. 2. 2. 2. 2. 2. 2.] 

changing back speed 3.0 

velocity vector [0. 0. 0. 0. 0. 0. 0. 0. 0. 0.]_[2. 2. 2. 2. 2. 2. 2. 2. 2. 2.] 

Moving Straight [ 18.9  14.7  10.5   6.3   2.1  -2.1  -6.3 -10.5 -14.7 -18.9]_[-8. -8. -8. -8. -8. -8. -8. -8. -8. -8.] 

drones next lat [48.33576553 48.33576519 48.33576486 48.33576453 48.3357642  48.33576387
 48.33576354 48.3357632  48.33576287 48.33576254] drones next lon [14.32689996 14.32684329 14.32678662 14.32672995 14.32667328 14.32661661
 14.32655994 14.32650328 14.32644661 14.32638994] 
WayPoint_Count 3 

Leader Index 5 

Leader Contour 89.0 

Contour Threshold 175 

Previous Drone Positions [ 18.9  14.7  10.5   6.3   2.1  -2.1  -6.3 -10.5 -14.7 -18.9]_[-8. -8. -8. -8. -8. -8. -8. -8. -8. -8.] 

Mean Previous Drone Positions [0. 0. 0. 0. 0. 0. 0. 0. 0. 0.]_[-8. -8. -8. -8. -8. -8. -8. -8. -8. -8.] 

relative Drone Positions [ 18.9  14.7  10.5   6.3   2.1  -2.1  -6.3 -10.5 -14.7 -18.9]_[-0. -0. -0. -0.  0.  0.  0.  0.  0.  0.] 

current starting Drone Positions [ 18.9  14.7  10.5   6.3   2.1  -2.1  -6.3 -10.5 -14.7 -18.9]_[-8. -8. -8. -8. -8. -8. -8. -8. -8. -8.] 

scanning direction vector [0. 0. 0. 0. 0. 0. 0. 0. 0. 0.]_[2. 2. 2. 2. 2. 2. 2. 2. 2. 2.] 

changing back speed 3.0 

velocity vector [0. 0. 0. 0. 0. 0. 0. 0. 0. 0.]_[2. 2. 2. 2. 2. 2. 2. 2. 2. 2.] 

Moving Straight [ 18.9  14.7  10.5   6.3   2.1  -2.1  -6.3 -10.5 -14.7 -18.9]_[-6. -6. -6. -6. -6. -6. -6. -6. -6. -6.] 

drones next lat [48.33578352 48.33578319 48.33578286 48.33578252 48.33578219 48.33578186
 48.33578153 48.3357812  48.33578086 48.33578053] drones next lon [14.32689972 14.32684305 14.32678638 14.32672971 14.32667304 14.32661638
 14.32655971 14.32650304 14.32644637 14.3263897 ] 
WayPoint_Count 4 

Leader Index 6 

Leader Contour 247.5 

Contour Threshold 175 

Converging Before Rutherford Scattering [ 17.27886839  13.68090189   8.84423492   4.01745328   1.07029776
  -5.08576261  -6.85702976  -7.92717247 -12.4555293  -16.3515074 ]_[-6.92545056 -6.19450315 -5.06111645 -5.04074646 -6.24191372 -5.83185698
 -6.83049254 -6.81967592 -5.03034332 -6.83615541] 

Minimum Distance Within Rutherford Scattering 4.2 

Converging After Rutherford Scattering [ 18.05458539  13.74825383   9.05153634   4.37823852   0.8495095
  -4.18326111  -6.1946505   -9.47547731 -12.92411509 -17.08986486]_[-7.06799606 -6.18916384 -4.92380285 -4.69415641 -6.58650641 -4.83977041
 -7.96680822 -6.99995121 -4.50197457 -7.04212453] 

drones next lat [48.33577384 48.33578141 48.33579242 48.33579412 48.33577682 48.33579213
 48.33576384 48.33577228 48.33579448 48.3357713 ] drones next lon [14.32688844 14.32683023 14.32676671 14.32670363 14.32665624 14.32658813
 14.32656136 14.32651698 14.32647015 14.32641425] 
WayPoint_Count 5 

Leader Index 5 

Leader Contour 212.5 

Contour Threshold 175 

Converging Before Rutherford Scattering [ 16.65242149  10.89414631   7.63548791   1.65066296  -1.37600529
  -3.24957006  -5.19877493  -7.43681205 -11.40079618 -14.92630982]_[-7.67754976 -6.54980392 -5.72292189 -4.0424468  -4.98890207 -5.19785003
 -5.28844447 -5.26176599 -5.45909178 -7.68709641] 

Minimum Distance Within Rutherford Scattering 4.2 

Converging After Rutherford Scattering [ 17.1431983   11.51485592   7.53007464   2.64592013  -0.2426136
  -3.05099471  -5.7705094   -8.63826186 -12.19546736 -15.69175171]_[-7.76921634 -6.701309   -5.65459333 -3.42483874 -5.1146164  -5.36736917
 -5.45251725 -5.11245469 -5.21817673 -8.06078146] 

drones next lat [48.33576746 48.33577663 48.33578573 48.3358054  48.33578997 48.33578748
 48.3357865  48.33578933 48.3357881  48.33576225] drones next lon [14.32687622 14.32680016 14.32674627 14.32668011 14.32664133 14.32660347
 14.32656679 14.32652805 14.32648007 14.32643323] 
WayPoint_Count 6 

Leader Index 6 

Leader Contour 185.0 

Contour Threshold 175 

Converging Before Rutherford Scattering [ 1.44201635e+01  8.71311161e+00  4.99832975e+00  2.47466458e-03
 -1.99353627e+00 -4.70350353e+00 -4.93706150e+00 -6.64481710e+00
 -1.10386479e+01 -1.34063318e+01]_[-6.88799594 -5.96656462 -6.47097042 -3.1782279  -6.20607585 -6.36800425
 -4.8999192  -4.34799483 -5.8307843  -6.61594648] 

Minimum Distance Within Rutherford Scattering 4.2 

Converging After Rutherford Scattering [ 14.93830533   9.31514527   5.057989     0.59447295  -1.03725357
  -5.11628115  -4.41199167  -7.93156906 -11.26290494 -14.73573076]_[-6.9556443  -5.86605129 -6.73488684 -2.27141432 -6.92049182 -8.13502599
 -3.72297528 -3.37783776 -5.7847797  -7.00337648] 

drones next lat [48.33577461 48.33578397 48.33577581 48.33581562 48.33577366 48.33576242
 48.33580216 48.33580499 48.33578307 48.33577184] drones next lon [14.32684638 14.32677038 14.32671304 14.32665229 14.32663082 14.32657593
 14.32658491 14.32653738 14.32649272 14.32644601] 
WayPoint_Count 7 

Leader Index 6 

Leader Contour 251.5 

Contour Threshold 175 

Converging Before Rutherford Scattering [ 12.70339205   8.33052429   2.33425594  -0.73239027  -3.25429965
  -4.93712184  -4.03935592  -5.05995338  -8.46801119 -13.23545884]_[-7.59109012 -5.68809413 -6.70420171 -3.63279708 -4.90115075 -5.16933621
 -2.79499759 -4.04583842 -5.68385634 -5.48375607] 

Minimum Distance Within Rutherford Scattering 4.2 

Converging After Rutherford Scattering [ 13.29360291   8.6141948    2.95464855   0.54855728  -2.20501074
  -5.57020742  -3.64334422  -6.55787161  -9.63317691 -14.15981142]_[-7.78344066 -5.53463874 -7.3112966  -2.80816552 -5.82224055 -7.23067519
 -0.62603407 -2.93615575 -6.14289934 -5.49957198] 

drones next lat [48.33576703 48.33578689 48.33577046 48.33581078 48.33578345 48.33577051
 48.33583008 48.33580907 48.33577998 48.33578541] drones next lon [14.32682429 14.32676088 14.32668473 14.32665173 14.32661494 14.3265697
 14.32659492 14.32655587 14.32651475 14.3264536 ] 
WayPoint_Count 8 

Leader Index 7 

Leader Contour 237.0 

Contour Threshold 175 

Converging Before Rutherford Scattering [ 11.23219195   5.67887402   2.1021452   -0.59189188  -3.07927332
  -5.94587472  -5.52994973  -6.05656762  -8.88326029 -12.07054716]_[-8.3019786  -4.9312022  -6.21158187 -3.35577595 -4.10733446 -6.27891881
 -2.81603392 -2.07088452 -5.4724135  -5.84149533] 

Minimum Distance Within Rutherford Scattering 4.2 

Converging After Rutherford Scattering [ 11.70696077   6.50224702   2.47152879   0.45812765  -2.50923446
  -5.95074161  -5.51121235  -7.23302765  -9.64990261 -13.4288991 ]_[-8.49776671 -4.68451375 -6.99646486 -2.38357804 -4.67800015 -7.76032871
 -2.80203447  0.15670458 -5.68386582 -6.05777122] 

drones next lat [48.33576048 48.33579437 48.33577326 48.3358146  48.33579372 48.33576572
 48.33581036 48.33583684 48.33578411 48.33578045] drones next lon [14.32680296 14.32673229 14.32667818 14.32665046 14.3266107  14.32656463
 14.32656997 14.32654639 14.32651447 14.32646353] 
WayPoint_Count 9 

Leader Index 4 

Leader Contour 289.0 

Contour Threshold 175 

Converging Before Rutherford Scattering [ 10.10359101   4.32555645   0.24456709  -1.06101319  -1.65591316
  -5.35782883  -4.81496471  -5.29670101  -8.42540066 -12.42497117]_[-8.92342653 -5.66733449 -5.24207605 -4.60497079 -5.19938557 -6.86821871
 -3.88101888 -0.43127166 -4.75025709 -6.00459199] 

Minimum Distance Within Rutherford Scattering 4.2 

Converging After Rutherford Scattering [ 10.60569362   5.47380314   1.7024238   -0.41751113  -2.10898111
  -5.93116336  -5.24227233  -5.58114319  -9.41272965 -13.45119796]_[-9.14231932 -5.66322583 -6.02758994 -2.57525196 -6.68856195 -8.30061243
 -3.30180131  0.97229485 -4.59389198 -6.2515919 ] 

drones next lat [48.3357546  48.33578549 48.33578191 48.3358128  48.33577567 48.33576086
 48.33580588 48.33584431 48.33579393 48.3357787 ] drones next lon [14.32678818 14.32671853 14.32666768 14.32663867 14.32661634 14.32656496
 14.32657366 14.32656858 14.32651754 14.32646325] 
WayPoint_Count 10 

Leader Index 3 

Leader Contour 240.5 

Contour Threshold 175 

Converging Before Rutherford Scattering [  9.87620976   3.40630372   1.39554674   0.17292232  -2.0593112
  -5.07234817  -3.18662195  -4.7938808   -8.23305539 -10.84527393]_[-8.26850723 -5.68988903 -4.99622671 -1.76816563 -5.54207669 -7.70894032
 -4.00094126  0.34805745 -4.79183575 -4.97639376] 

Minimum Distance Within Rutherford Scattering 4.2 

Converging After Rutherford Scattering [ 10.42774672   4.95933383   1.7245027    0.75155539  -1.78041214
  -5.56700112  -3.8069266   -5.19185327  -8.55417917 -12.30227524]_[-8.47274942 -6.20571953 -5.00205671 -0.51170413 -6.73688146 -8.96437198
 -3.21612223  1.44642603 -4.66112955 -5.07060995] 

drones next lat [48.3357606  48.33578057 48.33579114 48.33583146 48.33577526 48.33575492
 48.33580677 48.3358486  48.33579339 48.33578941] drones next lon [14.3267857  14.32671165 14.32666786 14.3266542  14.32662078 14.32656995
 14.32659302 14.32657378 14.32652913 14.32647861] 
WayPoint_Count 11 

Leader Index 3 

Leader Contour 205.5 

Contour Threshold 175 

Converging Before Rutherford Scattering [  8.59078587   2.83581204   2.02005423   1.37753094  -1.38042448
  -4.38060544  -1.14829957  -3.77697088  -7.30177144 -10.26997085]_[-6.24579276 -4.95218217 -3.74234748  0.26813855 -3.94883547 -8.36240755
 -1.85052737  1.69528433 -4.66532914 -3.42163216] 

Minimum Distance Within Rutherford Scattering 4.2 

Converging After Rutherford Scattering [  9.35649803   3.93805909   2.58695982   2.18924758  -1.8591175
  -4.60218634  -1.62241188  -4.36237354  -7.6581315  -11.40040335]_[-6.45782238 -6.46184783 -3.12580932  1.55695951 -4.986448   -9.37900879
 -0.98952933  2.70077333 -4.9216141  -3.16128431] 

drones next lat [48.33577865 48.33577818 48.33580809 48.33585018 48.335791   48.33575126
 48.33582697 48.33585995 48.33579112 48.33580666] drones next lon [14.32677101 14.3266979  14.32667927 14.32667335 14.32661951 14.32658302
 14.32662223 14.32658482 14.32654126 14.32649055] 
WayPoint_Count 12 

Leader Index 4 

Leader Contour 218.0 

Contour Threshold 175 

Converging Before Rutherford Scattering [  8.21030796   2.88848662   0.99145653   1.44336422  -2.30840404
  -3.49529836  -1.03068686  -4.336205    -4.74829183 -10.41216925]_[-6.74515282 -6.42716884 -2.92951879  0.80806574 -5.87983572 -8.68148638
 -2.2817912   1.60418988 -4.52928722 -3.31994787] 

Minimum Distance Within Rutherford Scattering 4.2 

Converging After Rutherford Scattering [  8.97919759   3.55859157   2.20550153   2.09868845  -2.05824355
  -3.96530388  -1.60821471  -4.85781409  -5.91873167 -11.23111124]_[ -6.92974435  -7.22153316  -2.87970002   1.98737608  -6.4794591
 -10.09782361  -1.57273866   2.5127625   -4.43672265  -3.26435024] 

drones next lat [48.33577437 48.33577132 48.33581027 48.33585405 48.33577755 48.33574485
 48.33582173 48.33585822 48.33579562 48.33580575] drones next lon [14.32676597 14.32669287 14.3266741  14.32667208 14.326617   14.32659169
 14.32662249 14.32657816 14.32656467 14.32649285] 
WayPoint_Count 13 

Leader Index 3 

Leader Contour 224.5 

Contour Threshold 175 

Converging Before Rutherford Scattering [  7.87837964   3.17006077   1.83669138   1.23284055  -1.92246397
  -2.29879169  -1.11214309  -3.48490231  -3.42292776 -10.01701664]_[-4.35365951 -4.2490464  -1.82592001  1.48706875 -5.35050268 -8.94881789
  0.13558286  3.14562914 -3.54069039 -3.29397912] 

Minimum Distance Within Rutherford Scattering 4.2 

Converging After Rutherford Scattering [  8.83258679   3.93775765   2.44688607   2.10352427  -1.74557786
  -2.51490236  -1.68314632  -4.1816703   -4.59776551 -10.73796555]_[ -4.49849347  -5.21240142  -1.60032832   2.84834984  -6.12268714
 -10.20585534   0.49240463   4.19087332  -3.3509303   -3.33526704] 

drones next lat [48.33579623 48.33578942 48.3358218  48.33586179 48.33578078 48.33574399
 48.3358403  48.33587337 48.33580549 48.33580515] drones next lon [14.32676371 14.32669775 14.3266772  14.32667204 14.32662117 14.32661128
 14.32662123 14.32658708 14.32658236 14.32649951] 
WayPoint_Count 14 

Leader Index 6 

Leader Contour 191.5 

Contour Threshold 175 

Converging Before Rutherford Scattering [ 7.45046905  2.45394436  0.51652037  0.18113301 -2.65609618 -3.10540572
 -2.63665027 -2.19728166 -3.58888231 -9.52952142]_[-4.54628131 -4.78453594  0.29290065  2.76634716 -4.49186796 -7.54539973
  0.19102408  2.03150371 -0.77747248 -3.33010011] 

Minimum Distance Within Rutherford Scattering 4.2 

Converging After Rutherford Scattering [  8.26419132   3.01968877   1.84871746   1.27392578  -2.70313235
  -3.38979078  -2.44625313  -3.10550406  -5.45868264 -10.41493116]_[-4.70498032 -5.39581022  0.02513493  4.35557246 -5.02989888 -8.92909848
  0.33334709  4.01726743 -1.37904015 -3.48637578] 

drones next lat [48.33579433 48.3357877  48.33583637 48.33587529 48.33579054 48.33575541
 48.33583881 48.3358719  48.33582317 48.33580382] drones next lon [14.32675606 14.32668538 14.32666894 14.32666067 14.32660812 14.32659932
 14.32661095 14.32660162 14.32657051 14.32650389] 
WayPoint_Count 15 

Leader Index 3 

Leader Contour 213.0 

Contour Threshold 175 

Converging Before Rutherford Scattering [ 6.05201102  2.00184206  0.66510089  0.37393375 -1.29289898 -1.93918025
 -0.14407743 -1.04732151 -4.12159775 -9.75180699]_[-2.98394114 -4.17360123  1.61690658  4.7914788  -2.41173729 -7.65751774
  1.47214605  3.17336383 -1.06483303 -2.30479979] 

Minimum Distance Within Rutherford Scattering 4.2 

Converging After Rutherford Scattering [  7.1131755    2.63457754   2.8579483    1.12575699  -1.47439745
  -2.195316    -0.90484103  -2.46038206  -5.35541057 -10.54510641]_[-3.13300225 -5.01490552  1.93056861  6.5811837  -3.23662006 -8.65230669
  0.97669997  4.51330529 -1.07808022 -2.42937781] 

drones next lat [48.33580838 48.3357911  48.3358536  48.3358953  48.33580677 48.33575799
 48.33584472 48.33587641 48.33582588 48.33581331] drones next lon [14.32674035 14.32668014 14.32668233 14.32665841 14.32662449 14.3266154
 14.32663168 14.32661027 14.32657187 14.32650201] 
WayPoint_Count 16 

Leader Index 4 

Leader Contour 259.0 

Contour Threshold 175 

Converging Before Rutherford Scattering [ 5.80341528  1.57646047  2.1515666  -0.27217371 -2.24252551 -2.57766946
 -1.90591319 -3.18838627 -4.46837105 -7.81094984]_[-3.88085208 -4.84959564  1.21359265  4.18396516 -3.8769163  -7.43291283
 -0.32520519  2.33237823 -1.54127601 -1.93629906] 

Minimum Distance Within Rutherford Scattering 4.2 

Converging After Rutherford Scattering [ 6.83050249  2.25951083  3.24722139  0.12450113 -2.31790201 -2.89011347
 -1.38820224 -4.09060922 -5.42536361 -9.28409199]_[-4.06327425 -5.55075552  1.58039848  5.52891618 -4.59159395 -8.78950809
 -0.1014448   3.51672813 -1.56902334 -2.07356392] 

drones next lat [48.33579999 48.33578625 48.33585048 48.33588575 48.33579451 48.3357567
 48.33583498 48.33586732 48.33582146 48.33581661] drones next lon [14.32673664 14.32667514 14.32668763 14.32664502 14.32661327 14.32660605
 14.32662528 14.32658839 14.32657098 14.32651898] 
WayPoint_Count 17 

Leader Index 4 

Leader Contour 247.5 

Contour Threshold 175 

Converging Before Rutherford Scattering [ 5.53221031  0.91350086  2.56107884 -1.07379327 -3.30832909 -3.43316786
 -0.82366644 -3.63412516 -4.54450518 -7.90074509]_[-4.8943081  -4.34931703 -0.66217306  2.90032385 -4.72963085 -6.22581188
 -2.30284519  2.56244854 -3.79683112 -3.6208769 ] 

Minimum Distance Within Rutherford Scattering 4.2 

Converging After Rutherford Scattering [ 6.60837621  1.82776911  3.69344233 -0.44544209 -2.83253622 -3.855856
 -0.69647991 -4.6486214  -5.84122222 -9.52097191]_[-5.3015402  -5.33485271  0.05363925  4.0392609  -5.09221686 -8.55934399
 -1.53911437  3.36967053 -3.05538547 -3.69913881] 

drones next lat [48.33578883 48.33578815 48.33583678 48.3358723  48.33578997 48.3357587
 48.3358221  48.33586595 48.33580805 48.33580197] drones next lon [14.32673379 14.32666929 14.32669383 14.32663751 14.32660639 14.32659299
 14.32663479 14.32658088 14.32656555 14.32651598] 
WayPoint_Count 18 

Leader Index 4 

Leader Contour 230.0 

Contour Threshold 175 

Converging Before Rutherford Scattering [ 4.77281322  0.4083232   2.92128563 -0.4983638  -3.69119505 -2.51797477
 -1.61191315 -4.23651952 -5.15585222 -7.40222181]_[-4.27073783 -4.41472104 -0.58251552  2.99584108 -4.57966928 -7.27710264
 -4.24656696  0.41422821 -3.93670626 -5.09394228] 

Minimum Distance Within Rutherford Scattering 4.2 

Converging After Rutherford Scattering [ 6.07341271  1.86543713  3.73962018 -0.30471481 -4.14116995 -2.39819089
 -1.22520567 -4.81827271 -6.62907078 -9.17346348]_[-4.6608799  -5.05251011  0.18772092  4.05645095 -5.50721788 -9.17477336
 -3.57794139  1.46642382 -2.86112571 -5.86803985] 

drones next lat [48.33579455 48.3357907  48.33583799 48.33587247 48.33578613 48.33575328
 48.33580372 48.33584881 48.33580974 48.33578249] drones next lon [14.3267265  14.32666977 14.32669443 14.32663941 14.32658878 14.32661273
 14.32662789 14.32657882 14.3265549  14.32652092] 
WayPoint_Count 19 

Leader Index 4 

Leader Contour 155.0 

Contour Threshold 175 

Previous Drone Positions [ 6.07341271  1.86543713  3.73962018 -0.30471481 -4.14116995 -2.39819089
 -1.22520567 -4.81827271 -6.62907078 -9.17346348]_[-4.6608799  -5.05251011  0.18772092  4.05645095 -5.50721788 -9.17477336
 -3.57794139  1.46642382 -2.86112571 -5.86803985] 

Mean Previous Drone Positions [-1.70116183 -1.70116183 -1.70116183 -1.70116183 -1.70116183 -1.70116183
 -1.70116183 -1.70116183 -1.70116183 -1.70116183]_[-3.09918925 -3.09918925 -3.09918925 -3.09918925 -3.09918925 -3.09918925
 -3.09918925 -3.09918925 -3.09918925 -3.09918925] 

relative Drone Positions [ 18.9  14.7  10.5   6.3   2.1  -2.1  -6.3 -10.5 -14.7 -18.9]_[-0. -0. -0. -0.  0.  0.  0.  0.  0.  0.] 

current starting Drone Positions [ 17.19883817  12.99883817   8.79883817   4.59883817   0.39883817
  -3.80116183  -8.00116183 -12.20116183 -16.40116183 -20.60116183]_[-3.09918925 -3.09918925 -3.09918925 -3.09918925 -3.09918925 -3.09918925
 -3.09918925 -3.09918925 -3.09918925 -3.09918925] 

scanning direction vector [0. 0. 0. 0. 0. 0. 0. 0. 0. 0.]_[2. 2. 2. 2. 2. 2. 2. 2. 2. 2.] 

changing back speed 3.0 

velocity vector [ 2.97087357  2.95486689  2.51569013  1.6958389   2.65027792 -0.67499559
 -2.99253982 -2.55152936 -2.99911017 -2.91563795]_[ 2.41702544  2.51842228  0.36558783 -0.47469805  3.40571226  4.92307731
  2.21143656  0.42212234  1.92693695  2.70643848] 

Moving Straight [  9.04428628   4.82030402   6.25531031   1.39112409  -1.49089203
  -3.07318649  -4.21774549  -7.36980207  -9.62818094 -12.08910144]_[-2.24385446 -2.53408783  0.55330875  3.58175291 -2.10150561 -4.25169606
 -1.36650484  1.88854616 -0.93418876 -3.16160137] 

drones next lat [48.33581653 48.33581359 48.33584147 48.33586833 48.33581698 48.33579751
 48.33582338 48.33585241 48.33582684 48.33580661] drones next lon [14.3267663  14.32670934 14.32672833 14.32666235 14.32662413 14.32660304
 14.32658725 14.32654434 14.3265142  14.32648126] 
WayPoint_Count 20 

Leader Index 4 

Leader Contour 248.5 

Contour Threshold 175 

Converging Before Rutherford Scattering [ 6.160632    2.20576234  4.78951986 -0.43692747 -1.56426077 -2.53979286
 -1.8394989  -5.10970006 -6.67090987 -9.42202044]_[-1.74903809 -1.61210962 -0.99975473  2.18160076 -3.0988105  -1.88263496
 -2.78146269 -0.03064164 -1.0074256  -2.22657061] 

Minimum Distance Within Rutherford Scattering 4.2 

Converging After Rutherford Scattering [  8.01169547   2.42592538   5.44067443  -0.11778796  -0.08387404
  -3.03819104  -2.52416188  -5.70623029  -7.8400719  -10.99517435]_[-2.53416022 -1.87418949  0.1686184   3.52767406 -5.91749018 -0.57599291
 -3.7470567   1.81385495 -1.286485   -2.78162058] 

drones next lat [48.33581384 48.33581933 48.33583795 48.33586773 48.33578276 48.33583058
 48.33580209 48.33585187 48.33582381 48.33581011] drones next lon [14.3267524  14.32667695 14.32671739 14.32664199 14.32664357 14.32660308
 14.32661039 14.32656679 14.32653837 14.32649598] 
WayPoint_Count 21 

Leader Index 5 

Leader Contour 287.5 

Contour Threshold 175 

Converging Before Rutherford Scattering [ 5.14505729 -0.26578885  2.77690348 -0.8282111  -0.21595331 -3.98862858
 -2.82485668 -5.12826679 -5.55793482 -8.69215663]_[-1.74379661 -2.07796837  0.73471232  1.00475993 -3.61847041 -0.88690847
 -2.77263953  0.06876819 -0.04097441 -3.17412212] 

Minimum Distance Within Rutherford Scattering 4.2 

Converging After Rutherford Scattering [ 6.44938754  0.68325379  3.88991202 -0.5068409   0.69371052 -4.12318637
 -3.42035238 -5.13551256 -8.22769186 -9.88251581]_[-2.16114263 -1.83108443  1.72722522  2.60166637 -5.77090561 -1.17648833
 -4.70934841  2.56539415  0.19035403 -3.94230986] 

drones next lat [48.33581707 48.33581958 48.33585185 48.33585937 48.33578414 48.33582509
 48.33579337 48.33585867 48.33583706 48.33579976] drones next lon [14.32673127 14.32665344 14.32669628 14.32663685 14.32665404 14.32658851
 14.32659841 14.32657441 14.32653297 14.32651113] 
WayPoint_Count 22 

Leader Index 3 

Leader Contour 116.5 

Contour Threshold 175 

Previous Drone Positions [ 6.44938754  0.68325379  3.88991202 -0.5068409   0.69371052 -4.12318637
 -3.42035238 -5.13551256 -8.22769186 -9.88251581]_[-2.16114263 -1.83108443  1.72722522  2.60166637 -5.77090561 -1.17648833
 -4.70934841  2.56539415  0.19035403 -3.94230986] 

Mean Previous Drone Positions [-1.9579836 -1.9579836 -1.9579836 -1.9579836 -1.9579836 -1.9579836
 -1.9579836 -1.9579836 -1.9579836 -1.9579836]_[-1.25066395 -1.25066395 -1.25066395 -1.25066395 -1.25066395 -1.25066395
 -1.25066395 -1.25066395 -1.25066395 -1.25066395] 

relative Drone Positions [ 18.9  14.7  10.5   6.3   2.1  -2.1  -6.3 -10.5 -14.7 -18.9]_[-0. -0. -0. -0.  0.  0.  0.  0.  0.  0.] 

current starting Drone Positions [ 16.9420164  12.7420164   8.5420164   4.3420164   0.1420164  -4.0579836
  -8.2579836 -12.4579836 -16.6579836 -20.8579836]_[-1.25066395 -1.25066395 -1.25066395 -1.25066395 -1.25066395 -1.25066395
 -1.25066395 -1.25066395 -1.25066395 -1.25066395] 

scanning direction vector [0. 0. 0. 0. 0. 0. 0. 0. 0. 0.]_[2. 2. 2. 2. 2. 2. 2. 2. 2. 2.] 

changing back speed 3.0 

velocity vector [ 2.98876901  2.9965309   2.52668045  2.34891558 -0.36345208  1.98065457
 -2.44042864 -2.66040412 -2.9571103  -2.91366017]_[ 2.25934496  2.14423104  0.38262994  0.13382862  4.97790238 -0.25322158
  3.74479455  0.61354772  1.49453124  2.71455191] 

Moving Straight [  9.43815654   3.67978468   6.41659246   1.84207468   0.33025844
  -2.1425318   -5.86078102  -7.79591668 -11.18480216 -12.79617598]_[ 0.09820233  0.31314661  2.10985516  2.735495   -0.79300323 -1.4297099
 -0.96455385  3.17894187  1.68488527 -1.22775795] 

drones next lat [48.33583763 48.33583911 48.33585549 48.33586076 48.33582889 48.33582297
 48.33582686 48.33586398 48.33585028 48.33582395] drones next lon [14.32677133 14.32669361 14.32673033 14.32666853 14.32664855 14.32661526
 14.32656504 14.32653844 14.32649289 14.32647149] 
WayPoint_Count 23 

Leader Index 4 

Leader Contour 285.0 

Contour Threshold 175 

Converging Before Rutherford Scattering [  6.89480167   0.80919536   5.30535505   1.28521632   1.32991377
  -0.49868882  -3.30142184  -5.12945284  -8.50513708 -10.22749477]_[-0.92984031 -0.55119077  1.96889512 -0.07586994 -0.76675004 -1.88712376
 -1.73756316  1.8069534   0.57478598 -0.33975399] 

Minimum Distance Within Rutherford Scattering 4.2 

Converging After Rutherford Scattering [  8.11325448  -0.56387098   6.28223661   2.2236484    3.15426249
  -0.84968973  -4.50480166  -5.24175253  -8.84705472 -11.80394555]_[-1.45858648  0.15753195  3.02755181  2.25333834 -2.51578517 -4.0031147
 -2.46338492  2.90198367  1.11317397 -0.95016595] 

drones next lat [48.33582352 48.33583737 48.33586373 48.33585645 48.33581362 48.33579992
 48.33581349 48.33586169 48.33584532 48.33582652] drones next lon [14.32675364 14.32663637 14.3267284  14.32667374 14.32668686 14.32663301
 14.32658351 14.32657293 14.3265245  14.32648485] 
WayPoint_Count 24 

Leader Index 4 

Leader Contour 327.0 

Contour Threshold 175 

Converging Before Rutherford Scattering [  5.28766822   0.0922205    4.30631487   2.28479566   3.66532488
   1.70218636  -3.34741727  -2.6069176   -6.96479604 -10.66504947]_[-1.38173416 -0.75809371  1.16802872 -0.65641421 -1.65624156 -2.57074223
 -3.01565652  2.11634061  1.53378292 -1.68475942] 

Minimum Distance Within Rutherford Scattering 4.2 

Converging After Rutherford Scattering [  7.78614945  -1.09587319   5.38169703   2.31664047   4.55834638
   1.21956013  -4.22333144  -3.02404161  -7.73571927 -11.42909786]_[-1.56685951 -0.57943401  2.91850034  0.56338529 -3.00289916 -4.66742583
 -3.93160669  3.29379985  2.00994824 -1.94289806] 

drones next lat [48.33582252 48.3358307  48.33586268 48.33584125 48.33580935 48.33579411
 48.3358003  48.33586539 48.33585347 48.33581762] drones next lon [14.32674924 14.32662928 14.32671627 14.32667519 14.32670586 14.32666101
 14.32658748 14.32660281 14.32653939 14.32649002] 
WayPoint_Count 25 

Leader Index 4 

Leader Contour 293.5 

Contour Threshold 175 

Converging Before Rutherford Scattering [ 5.04537028  0.59723259  4.4467503   2.45165978  3.87920735  2.02181167
 -3.06678213 -2.40944931 -4.88381079 -9.43961417]_[-2.78674845 -0.37792671  0.18585684 -0.7606485  -2.2688895  -3.93179314
 -4.2755055   1.6337651   1.26554284 -3.07519294] 

Minimum Distance Within Rutherford Scattering 4.2 

Converging After Rutherford Scattering [  7.52774265  -0.60165083   6.08111092   2.64523206   4.26418025
   1.55469605  -3.74458041  -2.61635191  -6.28105167 -10.18695155]_[-3.93494956 -0.14331752  1.81699003  0.30510922 -2.93831219 -5.73461717
 -5.09932281  2.99647292  1.63985832 -3.29945119] 

drones next lat [48.3358012  48.33583467 48.33585283 48.33583896 48.33580991 48.33578454
 48.33578983 48.33586275 48.33585026 48.33580552] drones next lon [14.32674603 14.3266359  14.32672583 14.32667965 14.32670188 14.32666566
 14.32659408 14.32660834 14.32655906 14.32650694] 
WayPoint_Count 26 

Leader Index 4 

Leader Contour 296.5 

Contour Threshold 175 

Converging Before Rutherford Scattering [ 6.13333228  2.13183293  6.14472292  2.83135534  3.97120909  2.5469269
 -2.71438912 -1.49590348 -4.88139106 -8.63289263]_[-2.49566645 -1.17870111 -0.68022455 -0.77722523 -1.98219091 -5.21501074
 -5.01263545  2.60928288  1.74386412 -2.35411302] 

Minimum Distance Within Rutherford Scattering 4.2 

Converging After Rutherford Scattering [ 8.02545197  0.33851812  7.72432806  3.2668089   4.31620904  2.46690616
 -3.35856947 -1.58006398 -5.778939   -9.38584664]_[-3.73825313 -1.5510595   0.71984664  1.34269555 -2.86487572 -6.78025805
 -5.71470815  3.63934675  2.14589274 -2.5412476 ] 

drones next lat [48.33580301 48.33582208 48.33584309 48.33584834 48.33581057 48.3357752
 48.33578433 48.33586862 48.33585485 48.3358124 ] drones next lon [14.32675273 14.32664875 14.32674814 14.32668792 14.32670258 14.32667809
 14.32659936 14.32662225 14.32656577 14.32651766] 
WayPoint_Count 27 

Leader Index 4 

Leader Contour 338.5 

Contour Threshold 175 

Converging Before Rutherford Scattering [ 5.58793471  2.08067971  7.14791462  2.98020579  5.2456006   3.2608133
 -2.3973854  -0.03749568 -4.48595077 -6.59822224]_[-4.15116664 -3.16593167 -1.327421    0.0394688  -3.233971   -5.97001072
 -5.42482814  1.17764115  0.38978818 -1.97303012] 

Minimum Distance Within Rutherford Scattering 4.2 

Converging After Rutherford Scattering [ 7.23260472  1.2272983   8.81343823  3.3766706   5.50316864  3.03028157
 -3.07148553 -0.55459527 -5.06440468 -7.70888194]_[-5.91853991 -3.33726685 -0.39192574  1.30638927 -2.54137075 -7.64078177
 -6.2008738   2.25542189  1.14651236 -2.31702586] 

drones next lat [48.33578333 48.33580608 48.33583317 48.33584802 48.33581357 48.3357675
 48.33577998 48.33585625 48.33584592 48.33581455] drones next lon [14.32674229 14.32666095 14.32676296 14.3266894  14.32671855 14.32668579
 14.32660329 14.32663625 14.32657553 14.32654026] 
WayPoint_Count 28 

Leader Index 4 

Leader Contour 279.0 

Contour Threshold 175 

Converging Before Rutherford Scattering [ 6.76350459  3.51335219  7.98599013  3.80540388  6.34285336  4.66368327
 -2.06870468  0.94364672 -4.16738219 -5.40347802]_[-5.03514427 -3.91875616 -0.95425313 -1.28658715 -1.99829656 -6.49028673
 -4.86815528  0.01627999  0.61919763 -1.39885122] 

Minimum Distance Within Rutherford Scattering 4.2 

Converging After Rutherford Scattering [ 8.24404477  2.73721936  9.80333587  3.70438791  6.95826748  4.52776404
 -2.66476146  0.24859669 -4.56997259 -6.61001281]_[-5.97244719 -4.51448803  0.21642073 -0.12160817 -1.89508886 -8.29201235
 -5.62222593  1.01801446  1.73846264 -1.86988018] 

drones next lat [48.33578292 48.33579561 48.33583872 48.3358352  48.3358195  48.33576176
 48.33578521 48.33584518 48.33585128 48.33581866] drones next lon [14.32675594 14.32668147 14.32677625 14.326694   14.32673811 14.32670607
 14.32660871 14.32664723 14.32658213 14.32655504] 
WayPoint_Count 29 

Leader Index 4 

Leader Contour 294.0 

Contour Threshold 175 

Converging Before Rutherford Scattering [ 8.55345963  3.57255272  8.89321768  4.47747067  7.03589912  5.33547755
 -1.47839823  2.83498838 -3.58033259 -5.05606487]_[-3.65242895 -2.95651666 -0.2573735  -0.89523352 -0.89810675 -5.42716434
 -4.1654104  -0.43783307  1.53416076 -2.76860473] 

Minimum Distance Within Rutherford Scattering 4.2 

Converging After Rutherford Scattering [ 9.86213546  2.8721274  10.8338561   4.61746102  7.7134691   5.58025576
 -1.95475274  1.34371194 -4.15226385 -6.12773013]_[-4.6164125  -3.93970139  0.84520524  0.0642586  -0.51667949 -7.04332948
 -4.90689397  0.8610766   2.27840094 -2.95043571] 

drones next lat [48.33579525 48.33580079 48.33584446 48.33583694 48.33583196 48.33577308
 48.33579171 48.33584385 48.33585617 48.33580898] drones next lon [14.32677761 14.32668322 14.32679008 14.32670629 14.32674814 14.32672013
 14.32661821 14.32666203 14.32658771 14.32656167] 
WayPoint_Count 30 

Leader Index 4 

Leader Contour 316.0 

Contour Threshold 175 

Converging Before Rutherford Scattering [ 8.35971876  3.97825649  8.7132262   6.47033799  7.1786352   6.62988636
  0.61938071  3.46887991 -1.4954595  -5.13132623]_[-2.02610517 -1.93515598 -0.91256101  0.68902952  0.32827772 -4.23865182
 -3.42205805 -0.5471187   2.52394957 -2.37487241] 

Minimum Distance Within Rutherford Scattering 4.2 

Converging After Rutherford Scattering [ 9.4316169   3.75150958 11.39388793  5.45933931  8.33540107  6.69426574
 -0.39159256  2.25130423 -2.18495772 -5.94923859]_[-3.52800979 -3.08253349 -0.30293124  2.88227217  1.31232351 -6.14900777
 -4.29359002  0.53506112  3.24911773 -2.53796856] 

drones next lat [48.33580501 48.33580857 48.33583418 48.33586236 48.33584847 48.33578121
 48.33579735 48.33584099 48.33586506 48.3358127 ] drones next lon [14.32677167 14.32669498 14.32679777 14.32671732 14.32675631 14.32673505
 14.32663923 14.32667431 14.32661413 14.32656403] 
WayPoint_Count 31 

Leader Index 4 

Leader Contour 323.5 

Contour Threshold 175 

Converging Before Rutherford Scattering [ 9.97821576  5.055453   10.51942828  8.19258286  7.38374532  7.95539464
  1.07902364  5.22679599  0.19094542 -4.02474151]_[-1.42528717 -0.70821043  1.07901283  1.71426949  1.61949012 -4.751232
 -2.23541695  0.91773082  1.97445059 -3.01744187] 

Minimum Distance Within Rutherford Scattering 4.2 

Converging After Rutherford Scattering [10.96662859  4.78911802 12.69643753  9.7445726   6.789168    8.12582309
  0.34504488  3.72280628 -0.76916859 -4.853587  ]_[-2.44737757 -2.10703707  1.43749229  3.33320133  2.64909021 -6.07799912
 -2.98281823  1.92364286  2.73837435 -3.29920362] 

drones next lat [48.33581485 48.33581743 48.33584994 48.33586676 48.33586037 48.33578197
 48.3358092  48.3358536  48.33586058 48.33580594] drones next lon [14.32679226 14.32670887 14.32681514 14.32677508 14.32673529 14.32675436
 14.32664901 14.326694   14.3266333  14.3265789 ] 
WayPoint_Count 32 

Leader Index 4 

Leader Contour 384.0 

Contour Threshold 175 

Converging Before Rutherford Scattering [ 8.81904478  5.60438997 11.00998047  6.94798783  7.7432563   7.62599974
  2.4203025   6.50822312  2.0946728  -2.40009416]_[-1.37608439  0.73578427  0.8772503   2.3523437   2.9486157  -3.12065554
 -2.48880596  1.8401862   3.2182752  -1.6491556 ] 

Minimum Distance Within Rutherford Scattering 4.2 

Converging After Rutherford Scattering [ 9.99496636  4.02737791 12.76147696  6.45024614 10.0098885   7.57985944
  1.57349225  6.35672845  0.98535154 -3.36562419]_[-2.01617854 -0.63804516  1.0446832   4.79397496  4.9496601  -5.00038465
 -3.55920843  1.47495585  4.0987637  -1.81046715] 

drones next lat [48.33581865 48.33583058 48.33584641 48.33587964 48.33588132 48.33579162
 48.33580411 48.33584977 48.33587295 48.33581945] drones next lon [14.3267791  14.32669841 14.32681606 14.32673046 14.32677847 14.32674686
 14.32666565 14.32672959 14.32665681 14.3265988 ] 
WayPoint_Count 33 

Leader Index 4 

Leader Contour 379.0 

Contour Threshold 175 

Converging Before Rutherford Scattering [10.24293532  4.4892344  12.57464087  7.76962661 10.99873776  7.67657162
  2.24018534  6.96569697  2.29316728 -1.14518509]_[-0.98603766  0.70534601  2.94120086  5.61577069  5.09858002 -3.98337958
 -1.46796154  3.39561095  5.01659308 -0.00811607] 

Minimum Distance Within Rutherford Scattering 4.2 

Converging After Rutherford Scattering [10.95988337  4.26563717 13.90514457  7.61965788 11.81897441  7.73118993
  1.63283194  6.97359871  1.49608322 -2.29739009]_[-1.55965263  0.48898377  2.61424867  7.20253324  6.14429902 -5.07909177
 -2.53990418  3.2779036   5.80037077 -0.02208373] 

drones next lat [48.33582284 48.33584074 48.33586062 48.3359014  48.33589221 48.33579092
 48.33581328 48.33586604 48.3358883  48.33583562] drones next lon [14.32679206 14.3267015  14.32683131 14.32674596 14.32680274 14.32674891
 14.32666633 14.3267377  14.3266635  14.32661301] 
WayPoint_Count 34 

Leader Index 4 

Leader Contour 356.5 

Contour Threshold 175 

Converging Before Rutherford Scattering [12.15810064  6.73727566 13.43776452  9.88473317 11.08612759  7.89038807
  2.56863039  7.72729765  3.49073459 -1.35792398]_[ 0.21280469  1.19577223  3.50099449  7.6592802   6.82469269 -4.05080128
 -2.05254827  4.54849432  4.8669769   0.32905961] 

Minimum Distance Within Rutherford Scattering 4.2 

Converging After Rutherford Scattering [12.72850479  6.55215962 14.60902563  9.21555115 12.39080825  8.04869906
  2.12879717  7.5440134   2.61259497 -2.20702572]_[-0.59856129  0.65729628  3.50324855  9.32699279  7.19527378 -4.95409812
 -2.7117021   4.8540345   5.42837365  0.33386754] 

drones next lat [48.33583162 48.33584243 48.33586867 48.33592064 48.33590171 48.33579207
 48.33581178 48.33588027 48.33588504 48.33583883] drones next lon [14.32681581 14.32673233 14.3268407  14.32676724 14.32681033 14.32675318
 14.32667304 14.32674521 14.32667861 14.32661418] 
WayPoint_Count 35 

Leader Index 4 

Leader Contour 309.5 

Contour Threshold 175 

Converging Before Rutherford Scattering [13.46414776  7.12408762 12.68401772 11.49726729 11.96639022  8.11459679
  2.56769006  8.34556137  4.08619077 -0.48796861]_[ 0.83039286  2.7986675   4.77153592  7.42857127  6.28980741 -2.27621042
 -1.31864729  5.75999168  4.91484954  2.18048654] 

Minimum Distance Within Rutherford Scattering 4.2 

Converging After Rutherford Scattering [14.21878225  6.95066548 14.09026642 11.40122331 12.73628076  8.24398554
  2.09850671  7.86676807  3.16702034 -1.41151788]_[-0.16701956  2.15085018  3.797956    9.861317    6.71930688 -3.20013772
 -2.04026676  6.49610214  5.52060087  2.24073598] 

drones next lat [48.33583562 48.3358559  48.33587128 48.33592562 48.33589746 48.33580786
 48.33581781 48.33589506 48.33588592 48.33585605] drones next lon [14.32683587 14.32673753 14.32683366 14.32679666 14.32681505 14.32675561
 14.32667256 14.32674937 14.32668608 14.32662469] 
WayPoint_Count 36 

Leader Index 4 

Leader Contour 309.5 

Contour Threshold 175 

Converging Before Rutherford Scattering [13.48981644  7.53474123 13.92906191 11.4456013  11.73631635  8.70234812
  4.02420168  9.25720086  4.31792956  1.23526998]_[ 0.83681372  3.55951948  4.87914798  8.69566006  6.72774344 -2.30859154
 -1.69319264  7.38202338  6.32158733  2.17176776] 

Minimum Distance Within Rutherford Scattering 4.2 

Converging After Rutherford Scattering [14.10694516  7.31976225 15.40854183 12.04257305 12.25824935  8.9009613
  3.53167242  8.32630754  3.44881451  0.32866003]_[ 0.03591641  3.09733499  4.64516562 10.60985401  6.57758865 -3.13084989
 -2.40383718  8.09846756  6.93213148  2.11070733] 

drones next lat [48.33583744 48.33586444 48.33587901 48.3359324  48.33589614 48.33580854
 48.33581466 48.33590951 48.33589864 48.33585502] drones next lon [14.32683433 14.3267424  14.32685135 14.32680523 14.32680862 14.32676447
 14.32669194 14.32675538 14.32668971 14.32664818] 
WayPoint_Count 37 

Leader Index 4 

Leader Contour 331.5 

Contour Threshold 175 

Converging Before Rutherford Scattering [14.50571454  8.20838155 12.85983812 11.67775665 11.55120678  8.59103884
  4.16167365  9.66190464  4.8422925   1.60148914]_[ 1.62682063  3.58372361  5.15439721  9.49450057  7.28475964 -0.97320492
 -0.32386563  8.22512883  7.64800319  2.0121616 ] 

Minimum Distance Within Rutherford Scattering 4.2 

Converging After Rutherford Scattering [15.39644218  7.9136661  14.01613421 12.52352491 12.17181151  8.84932952
  3.74540883  8.5484018   3.92238221  0.57419516]_[ 0.76050197  3.30507351  4.58510331 11.35534409  7.43558903 -1.94098236
 -1.15315861  9.07908893  8.1810957   2.12476916] 

drones next lat [48.33584406 48.33586636 48.33587836 48.33593914 48.33590385 48.33581924
 48.33582592 48.33591835 48.33590991 48.33585516] drones next lon [14.32685165 14.32675038 14.32683257 14.32681163 14.32680735 14.32676363
 14.32669467 14.32675826 14.32669595 14.3266515 ] 
WayPoint_Count 38 

Leader Index 4 

Leader Contour 341.0 

Contour Threshold 175 

Converging Before Rutherford Scattering [15.42832261  9.76990971 12.39062697 11.83725576 11.45620239 10.4118182
  5.72027593  9.37061972  6.60107489  3.02864687]_[ 2.12933534  5.60481856  7.10654672 10.22498083  6.73708807  0.39122545
  1.09319091  8.2934793   7.27425073  2.18580627] 

Minimum Distance Within Rutherford Scattering 4.2 

Converging After Rutherford Scattering [16.34620148  8.92518784 14.92005476 12.45319331 11.72790639 10.69702521
  5.50120494  8.64706556  5.05709565  1.73981792]_[ 1.59467228  4.40666632  7.68062032 11.93775604  6.40924051 -0.6805762
  0.16074576  9.73488972  7.69888391  2.09782353] 

drones next lat [48.33585164 48.33587635 48.33590628 48.33594438 48.33589459 48.33583072
 48.33583788 48.33592426 48.33590566 48.33585501] drones next lon [14.32686436 14.3267639  14.3268444  14.32681061 14.32680148 14.32678841
 14.32671821 14.32675952 14.32671132 14.32666723] 
WayPoint_Count 39 

Leader Index 4 

Leader Contour 345.0 

Contour Threshold 175 

Converging Before Rutherford Scattering [15.11943799 11.32695849 13.98420774 13.16229398 12.415338   10.52994005
  6.19534342 10.66738253  7.81226277  4.14712218]_[ 4.02548269  4.93678421  7.32729272 10.20081869  7.13548963  0.40805083
  2.2738807   7.51744025  6.70812505  3.71134495] 

Minimum Distance Within Rutherford Scattering 4.2 

Converging After Rutherford Scattering [16.41502581 11.16873202 16.31341328 13.59728171 12.76828806 10.69952452
  5.83303256  9.5598459   6.3783844   2.62675885]_[ 3.04157862  3.72410432  7.85417538 12.03650366  7.32254228 -0.89415605
  1.20792734  8.95854921  7.15216074  3.84132421] 

drones next lat [48.33586466 48.33587039 48.33590795 48.33594536 48.33590288 48.3358288
 48.33584733 48.33591735 48.33590085 48.33587077] drones next lon [14.32686512 14.32679425 14.32686318 14.32682604 14.32681541 14.32678847
 14.32672256 14.32677193 14.32672921 14.32667899] 
WayPoint_Count 40 

Leader Index 4 

Leader Contour 363.0 

Contour Threshold 175 

Converging Before Rutherford Scattering [15.91773742 11.01449326 14.53541371 13.79217911 13.42388103 10.76570138
  8.32306192 10.62944697  7.44817975  5.18022403]_[ 3.9635905   5.80788762  6.57774899 10.90756023  6.56742781  1.95184909
  2.38845404  7.34798806  6.83663306  5.24033308] 

Minimum Distance Within Rutherford Scattering 4.2 

Converging After Rutherford Scattering [17.17944506 10.59784876 16.9698289  14.24686742 13.56793913 11.35141826
  7.20049146 10.04396535  6.34432572  3.52818854]_[ 2.80969425  4.81640521  7.19866561 12.3119756   6.92216058  0.38968695
  1.26930034  9.19451445  7.73943098  4.93763851] 

drones next lat [48.33586263 48.33588017 48.3359021  48.33594789 48.33589935 48.3358404
 48.33584799 48.33591951 48.33590613 48.3358807 ] drones next lon [14.32687546 14.32678642 14.32687211 14.32683477 14.32682625 14.32679711
 14.326741   14.32677843 14.32672868 14.32669102] 
WayPoint_Count 41 

Leader Index 5 

Leader Contour 364.5 

Contour Threshold 175 

Converging Before Rutherford Scattering [15.15959531 11.12541989 14.72729835 13.20283278 12.08504665 10.98151901
  9.98671917 11.16739777  8.37266554  4.46974022]_[3.0276796  1.86336161 5.41145177 9.54823993 4.48603525 1.31875883
 0.29644453 6.65794943 6.51766641 3.31616131] 

Minimum Distance Within Rutherford Scattering 4.2 

Converging After Rutherford Scattering [16.753597   10.53119161 16.39145921 13.73962289 12.55226211 12.06943562
  8.19426204 10.76262106  6.90532902  3.37845414]_[ 1.9810718   2.25390755  6.33076485 11.10275473  4.8523056  -1.0349929
 -1.55146581  8.12318237  7.22967264  3.15654784] 

drones next lat [48.33585515 48.33585711 48.33589425 48.33593697 48.33588064 48.33582764
 48.33582269 48.33590993 48.33590159 48.33586467] drones next lon [14.32686981 14.32678583 14.32686441 14.32682807 14.32681279 14.32680697
 14.32675474 14.32678825 14.32673631 14.32668921] 
WayPoint_Count 42 

Leader Index 4 

Leader Contour 351.5 

Contour Threshold 175 

Converging Before Rutherford Scattering [15.49889504 12.63951199 14.27671342 12.40377647 12.28456923 11.28006318
  8.56183038 12.72053608  9.18471753  6.09016911]_[2.19151654 4.30680962 6.58069444 8.86694229 3.88880131 0.65486289
 0.75462619 6.30428067 7.35354473 4.18711316] 

Minimum Distance Within Rutherford Scattering 4.2 

Converging After Rutherford Scattering [17.03838006 14.24127338 16.56297916 12.49812145 10.94443725 11.60641343
  7.28987433 12.11453707  7.88436878  4.76039754]_[ 1.17762376  4.16184416  7.60457016 11.06830601  2.75034074 -1.20833029
 -0.28068296  7.29684011  8.28282293  4.2358572 ] 

drones next lat [48.33584794 48.33587457 48.33590572 48.33593656 48.33586161 48.33582605
 48.33583405 48.3359026  48.33591114 48.33587448] drones next lon [14.32687375 14.32683566 14.32686658 14.32681132 14.32679134 14.32680074
 14.32674239 14.32680659 14.3267494  14.32670773] 
WayPoint_Count 43 

Leader Index 4 

Leader Contour 417.0 

Contour Threshold 175 

Converging Before Rutherford Scattering [14.3102092  13.1022     14.86177832 13.1307158  11.90292844 10.29819493
  7.97983048 11.61406371  8.8704841   7.11520129]_[1.06639559 2.66004951 5.31483769 9.08314448 3.03546287 0.55734646
 1.52372046 6.35995506 5.53285793 2.85668162] 

Minimum Distance Within Rutherford Scattering 4.2 

Converging After Rutherford Scattering [15.89060688 14.56314556 16.56806277 13.64760672 11.04048214 10.40565119
  6.80200353 11.57815018  7.62163519  5.06826212]_[-0.77783293  2.49646774  6.05092916 10.77006159  3.14947492 -1.35569111
  0.04860039  7.49140229  6.7285924   3.38844721] 

drones next lat [48.33583026 48.33585961 48.33589174 48.33593397 48.33586521 48.33582463
 48.33583698 48.33590431 48.33589713 48.33586689] drones next lon [14.3268585  14.3268402  14.32686683 14.32682686 14.32679259 14.32678456
 14.32673577 14.32679933 14.32674604 14.32671198] 
WayPoint_Count 44 

Leader Index 4 

Leader Contour 417.5 

Contour Threshold 175 

Converging Before Rutherford Scattering [13.39003833 13.37931277 13.97198662 12.52993116 10.39095277  9.6860616
  7.44576975 10.35692622  8.11578     6.39923071]_[0.80423119 3.48344676 4.55656886 9.76025603 3.90981143 0.57291839
 0.98791008 5.72683679 4.82121016 4.0531538 ] 

Minimum Distance Within Rutherford Scattering 4.2 

Converging After Rutherford Scattering [14.52976347 14.37805543 15.92679552 12.92924245 10.37474107  9.81470194
  5.95912747 10.56119628  7.0796215   4.11274479]_[-0.94151069  2.79611866  5.98850963 11.12597344  3.3946667  -1.12268287
 -0.19743069  7.55244866  6.02041648  4.05983419] 

drones next lat [48.33582868 48.33586229 48.33589113 48.33593711 48.33586736 48.33582668
 48.3358347  48.33590478 48.33589072 48.33587285] drones next lon [14.32684015 14.32683766 14.32685818 14.32681713 14.32678358 14.32677656
 14.32672443 14.3267856  14.32673881 14.32669901] 
WayPoint_Count 45 

Leader Index 4 

Leader Contour 411.0 

Contour Threshold 175 

Converging Before Rutherford Scattering [14.07936784 11.69397546 13.12396713 13.03344453 11.09444576 10.58549267
  7.9350298  11.37237102  8.48106573  7.06741566]_[0.86156122 3.8000035  5.00680001 9.90861866 4.08894702 1.71339451
 1.97014722 5.12016945 5.76070106 3.58951072] 

Minimum Distance Within Rutherford Scattering 4.2 

Converging After Rutherford Scattering [15.55721847 13.43458866 15.60346781 13.48942005  9.74567266 10.56141252
  6.57746036 11.53079581  7.11367126  4.852868  ]_[-0.55722623  2.73344867  5.9438655  11.32091324  3.92993306 -0.51953109
  0.21711675  7.40495286  7.49279508  3.85358554] 

drones next lat [48.33583222 48.33586165 48.33589071 48.33593891 48.33587213 48.33583216
 48.33583847 48.33590353 48.33590397 48.33587105] drones next lon [14.32685397 14.32682494 14.32685383 14.32682467 14.32677503 14.32678656
 14.32673272 14.3267987  14.32673909 14.32670902] 
WayPoint_Count 46 

Leader Index 4 

Leader Contour 422.5 

Contour Threshold 175 

Converging Before Rutherford Scattering [13.3219815  10.57233981 14.70585065 11.79001648  9.17661143 10.9543954
  8.77813059 10.97133116  8.10779696  7.41631327]_[-0.09299311  3.63112783  5.40546825  8.93101134  4.75222821  2.10496831
  1.30769734  4.69086447  6.86509034  4.71077713] 

Minimum Distance Within Rutherford Scattering 4.2 

Converging After Rutherford Scattering [14.73635134 10.77240803 16.48760284 12.28907064  8.31105625 11.67357297
  7.30759427 12.49523545  6.95800676  4.7638687 ]_[-1.5544085   3.02688365  5.70233967 10.57437236  5.40551916  0.01546778
 -0.42144361  6.20629773  8.94699546  4.40421639] 

drones next lat [48.33582318 48.33586408 48.3358886  48.3359321  48.33588529 48.33583706
 48.33583279 48.33589282 48.33591704 48.335876  ] drones next lon [14.32684301 14.32678899 14.32686578 14.32680856 14.3267555  14.3268015
 14.32674265 14.32681186 14.32673682 14.32670775] 
WayPoint_Count 47 

Leader Index 4 

Leader Contour 379.5 

Contour Threshold 175 

Converging Before Rutherford Scattering [12.55087717  8.65544459 13.49417584 10.39336667  8.76682859 11.27785493
  6.67950003  9.68646774  8.00848415  6.20100768]_[-0.64438237  5.15105687  5.73218265  9.7264081   4.51542277  2.4610927
  1.80234504  6.36603968  6.13709007  4.07450379] 

Minimum Distance Within Rutherford Scattering 4.2 

Converging After Rutherford Scattering [13.2867678   8.33630783 15.20488063 10.7174829   8.93315233 12.54900435
  5.63044769 11.19213857  5.90813043  3.95569487]_[-2.10808338  5.65949539  6.03909697 11.60206422  2.35312481  1.69216708
 -0.07302706  7.74904925  8.38215523  4.02571679] 

drones next lat [48.33581809 48.33588757 48.33589153 48.33594122 48.33585788 48.33585222
 48.33583579 48.3359066  48.33591187 48.33587253] drones next lon [14.32682352 14.32675581 14.32684844 14.32678723 14.32676425 14.32681312
 14.32671998 14.32679409 14.32672272 14.3266969 ] 
WayPoint_Count 48 

Leader Index 4 

Leader Contour 380.5 

Contour Threshold 175 

Converging Before Rutherford Scattering [11.25847435  8.45053456 14.10852449 11.17204843  9.72629302 11.03917639
  7.10941658  9.42377899  7.79632524  4.87149682]_[ 0.09870541  2.72079452  4.24743768 10.19090828  1.74408636  1.16262498
  0.11988938  5.99335501  6.72634883  3.5875384 ] 

Minimum Distance Within Rutherford Scattering 4.2 

Converging After Rutherford Scattering [12.17454117  7.19580146 15.56999641 11.59508625  9.51970709 13.08020739
  5.87520443 10.35734168  6.48198216  3.10620085]_[-2.48795178  3.40040414  4.73087341 11.38625244  0.94500677  1.38044722
 -1.45243848  6.77017741  8.19456321  3.72435451] 

drones next lat [48.33581458 48.33586716 48.33587979 48.33593935 48.33584526 48.33584945
 48.3358234  48.33589772 48.33591023 48.33586975] drones next lon [14.32680856 14.32674069 14.32685352 14.3267991  14.32677233 14.32682032
 14.32672344 14.32678294 14.32673049 14.32668547] 
WayPoint_Count 49 

Leader Index 4 

Leader Contour 428.0 

Contour Threshold 175 

Converging Before Rutherford Scattering [11.92844994  7.95965352 12.87816832 12.0911271  10.41718173 11.40754808
  8.40902294  9.09219547  8.09732388  3.94303129]_[-1.11721116  2.73951413  3.75487124  9.88841221  1.38607282  0.18775963
  0.15203521  4.59393416  5.811119    2.988     ] 

Minimum Distance Within Rutherford Scattering 4.2 

Converging After Rutherford Scattering [12.95602095  6.49057757 14.5509492  12.50773287 10.42682278 12.98657712
  7.23027893  9.85805798  6.84117216  2.37551273]_[-3.66280955  2.66248134  4.43073322 10.88079769  1.69493395 -0.33047693
 -1.65026149  5.58954245  7.76858018  3.00098637] 

drones next lat [48.33580407 48.33586047 48.33587701 48.33593487 48.33585207 48.33583405
 48.33582173 48.33588706 48.33590643 48.33586319] drones next lon [14.32681924 14.32673126 14.3268398  14.32681147 14.32678448 14.32681926
 14.32674175 14.32677635 14.32673538 14.3266757 ] 
WayPoint_Count 50 

Leader Index 4 

Leader Contour 398.5 

Contour Threshold 175 

Converging Before Rutherford Scattering [13.01127805  9.42137097 13.08878882 11.66925302  9.9297894  12.2374905
  7.85695597  9.17037021  6.94563472  3.83542399]_[-2.27091982  2.33560682  4.3040174   9.84820911  0.82720253  1.48386361
  0.45138903  3.82514329  6.45584224  1.8231196 ] 

Minimum Distance Within Rutherford Scattering 4.2 

Converging After Rutherford Scattering [13.85782005  9.04493397 14.43385155 11.97810672 10.28880478 13.95133174
  6.28366753  9.02363676  5.8255441   2.47865842]_[-3.64728395  2.36863277  5.27801124 10.86024407 -1.0937511   1.1657759
 -0.92496688  5.62108991  7.70215035  1.7535715 ] 

drones next lat [48.33580429 48.33585802 48.33588462 48.33593465 48.33582698 48.33584759
 48.33582818 48.33588728 48.33590575 48.33585197] drones next lon [14.32683141 14.32676576 14.32683812 14.32680433 14.32678295 14.3268321
 14.32672889 14.32676509 14.32672169 14.32667724] 
WayPoint_Count 51 

Leader Index 4 

Leader Contour 365.5 

Contour Threshold 175 

Converging Before Rutherford Scattering [12.83346577 10.44511902 12.469245   12.69737119 10.71702305 13.22916647
  7.65940492  8.41713832  5.77326411  4.95533413]_[-3.28187553 -0.20339886  4.0874575   8.92191703 -0.19007577  0.31479141
 -1.79180453  3.44156441  6.20776817  0.26678471] 

Minimum Distance Within Rutherford Scattering 4.2 

Converging After Rutherford Scattering [13.55012718  8.81924648 13.21859875 13.01371007 12.05642665 15.3978888
  6.66860439  8.03732883  4.91869877  3.51590206]_[-4.78984159 -0.30782818  4.93710084  9.87965978 -0.59322262  0.4854116
 -3.38658473  4.16070702  7.15692592  0.23080049] 

drones next lat [48.33579398 48.33583393 48.33588146 48.33592591 48.33583162 48.33584158
 48.33580606 48.33587407 48.33590077 48.33583836] drones next lon [14.32682739 14.32676303 14.32682177 14.32681842 14.32680674 14.3268517
 14.32673438 14.32675195 14.32670952 14.32669141] 
WayPoint_Count 52 

Leader Index 4 

Leader Contour 385.5 

Contour Threshold 175 

Converging Before Rutherford Scattering [13.7805225  11.7301366  13.54380137 13.73756463 11.63145647 14.10559536
  7.44830241  9.90673716  6.7631322   4.6482494 ]_[-2.47189901 -0.08832193  2.3034241   7.46448708 -1.49842997 -0.92060791
 -2.5569937   1.81747142  4.81380133 -0.47424287] 

Minimum Distance Within Rutherford Scattering 4.2 

Converging After Rutherford Scattering [14.86584662 11.72398049 14.62587857 14.06181297 10.94350754 16.10445978
  6.66148254  8.98146851  5.94179525  3.38526586]_[-4.55937619  0.42541231  3.53800058  8.46390381 -3.26643764 -0.70069388
 -3.62267109  2.78023118  5.78023262 -0.44991315] 

drones next lat [48.33579616 48.33584076 48.33586899 48.33591325 48.33580748 48.33583097
 48.33580394 48.33586172 48.33588847 48.33583222] drones next lon [14.32684512 14.32680214 14.32684092 14.32683273 14.32679204 14.32686137
 14.32673431 14.32676485 14.32672349 14.32668973] 
WayPoint_Count 53 

Leader Index 4 

Leader Contour 449.5 

Contour Threshold 175 

Converging Before Rutherford Scattering [12.41607802 12.25037431 12.88888244 13.36016795 10.06238952 13.40361843
  8.68771755  8.90404412  7.32638775  5.73880968]_[-4.7682111  -1.1903304   2.39841795  7.51323554 -2.79354121 -2.00575407
 -4.45630976  0.1585804   4.93889026 -2.0258618 ] 

Minimum Distance Within Rutherford Scattering 4.2 

Converging After Rutherford Scattering [13.18414241 12.5297016  13.6529447  13.68702364  9.7574262  15.63366107
  7.60922163  8.05383361  6.6973022   4.23321271]_[-6.46389111 -0.39069186  3.4249044   8.40840251 -3.16687819 -2.54699639
 -6.21283602  1.03611437  5.82084384 -2.13985575] 

drones next lat [48.33577889 48.33583348 48.33586789 48.33591273 48.33580828 48.33581432
 48.33578071 48.33584596 48.3358889  48.33581709] drones next lon [14.32682265 14.3268131  14.32682781 14.32682768 14.32677603 14.32685524
 14.3267474  14.32675254 14.32673367 14.32670137] 
WayPoint_Count 54 

Leader Index 4 

Leader Contour 443.5 

Contour Threshold 175 

Converging Before Rutherford Scattering [11.08646091 11.56535261 13.42879465 13.89065317 10.75629146 12.783608
  7.77993475  9.1527402   7.88207678  5.20669802]_[-5.83158112 -2.69950029  2.3118195   5.98225731 -3.11925259 -2.24835737
 -4.76741596  0.12022213  3.08601056 -2.38581654] 

Minimum Distance Within Rutherford Scattering 4.2 

Converging After Rutherford Scattering [11.72284743 12.31681292 14.16083552 14.29445614  9.45974921 15.55401053
  6.5108908   8.65848636  7.09366456  3.76085707]_[-7.73022455 -2.4649823   2.84182663  7.11422478 -3.92411143 -2.09968554
 -6.11045079  0.72089898  4.36534554 -2.26445568] 

drones next lat [48.33576739 48.3358148  48.33586269 48.33590113 48.33580145 48.33581834
 48.33578155 48.33584317 48.33587583 48.33581593] drones next lon [14.32680309 14.32681048 14.32683473 14.32683603 14.3267721  14.32685411
 14.32673257 14.32676074 14.32673919 14.32669501] 
WayPoint_Count 55 

Leader Index 4 

Leader Contour 449.0 

Contour Threshold 175 

Converging Before Rutherford Scattering [10.04762251  9.73177774 13.08228358 14.16003912  8.63769798 14.17574091
  8.03986026  8.471461    7.0583063   6.67483083]_[-6.76844867 -3.96943402  0.20133772  6.02642281 -3.3546979  -3.51639607
 -5.91627503 -0.40012985  1.63061734 -2.93534062] 

Minimum Distance Within Rutherford Scattering 4.2 

Converging After Rutherford Scattering [10.88447129 11.32130694 13.95691064 14.50224372  8.06286497 15.61519062
  6.68012987  8.73741603  5.99223949  4.32684667]_[-8.67403721 -4.47037161  0.93724612  6.74920185 -3.12954332 -3.89170662
 -7.47537853  0.64843683  3.18093053 -2.87712232] 

drones next lat [48.33575883 48.33579668 48.33584554 48.33589786 48.33580849 48.33580223
 48.33576928 48.33584253 48.33586509 48.33581046] drones next lon [14.32679189 14.32679728 14.3268322  14.32683887 14.32675316 14.32685515
 14.32673502 14.32676181 14.32672447 14.32670272] 
WayPoint_Count 56 

Leader Index 4 

Leader Contour 426.0 

Contour Threshold 175 

Converging Before Rutherford Scattering [ 9.54052965  8.54623974 11.61218932 12.46222822  7.33528112 14.59123869
  7.99097155  7.66855875  7.59054772  5.92478114]_[-7.79111322 -3.33063749 -0.91414855  4.75506999 -2.44352456 -3.94965428
 -6.2792801  -0.62368301  1.05739118 -2.09434813] 

Minimum Distance Within Rutherford Scattering 4.2 

Converging After Rutherford Scattering [10.36828671 10.01445073 12.8074225  12.95166196  6.47736433 15.77995381
  6.86100269  7.87101966  6.97793276  3.15347074]_[-9.44878256 -4.22904231 -0.32526642  5.6344042  -3.13121378 -4.35320024
 -7.53601452  0.23504478  3.46418936 -1.92404668] 

drones next lat [48.33575182 48.33579875 48.33583409 48.33588771 48.33580835 48.33579809
 48.33576875 48.33583874 48.33586772 48.33581894] drones next lon [14.32678501 14.32677962 14.32681684 14.32681808 14.32673177 14.32685743
 14.32673746 14.32675017 14.32673774 14.32668678] 
WayPoint_Count 57 

Leader Index 4 

Leader Contour 443.5 

Contour Threshold 175 

Converging Before Rutherford Scattering [ 8.59485627  8.47398709 11.71419136 11.63493375  6.76771994 13.13328297
  5.68857768  7.06976678  5.85253597  5.11944878]_[-8.4350062  -4.56536074 -1.81362104  3.03393523 -4.08813259 -3.34472488
 -5.59064133 -2.61219322  1.69630528 -1.61048755] 

Minimum Distance Within Rutherford Scattering 4.2 

Converging After Rutherford Scattering [ 8.91079588  9.83890385 12.37020244 12.13738733  5.93705308 14.79585468
  3.92298962  7.55784007  5.40020502  3.17806864]_[-9.97762352 -5.49168577 -0.91985965  4.06468744 -4.57129012 -4.07380128
 -7.36281105 -1.19327412  3.16064773 -0.96491671] 

drones next lat [48.33574695 48.33578738 48.3358287  48.33587353 48.33579535 48.33580052
 48.33577008 48.33582586 48.33586486 48.33582757] drones next lon [14.32676541 14.3267774  14.32681101 14.32680728 14.32672465 14.32684412
 14.3266978  14.32674612 14.32671649 14.32668699] 
WayPoint_Count 58 

Leader Index 4 

Leader Contour 380.5 

Contour Threshold 175 

Converging Before Rutherford Scattering [ 7.28074283  7.39033143  9.87711896 10.68378188  5.29235127 11.84193813
  4.79599212  7.01313285  4.64429078  4.0059476 ]_[-7.47941031 -5.89738386 -1.24992739  3.3979314  -5.33572427 -4.47582046
 -6.69570639 -2.04919855  1.61262764 -3.47531809] 

Minimum Distance Within Rutherford Scattering 4.2 

Converging After Rutherford Scattering [ 7.90027088  8.65495309 10.99402259 11.15876138  4.70412317 13.2595439
  3.14355717  6.93265629  3.9941297   2.08360969]_[-9.75980102 -5.95237139 -0.55413291  4.38832276 -5.23296795 -4.87968753
 -8.60927168 -1.18300033  2.75117712 -2.61619734] 

drones next lat [48.33574883 48.33578314 48.33583189 48.33587636 48.3357893  48.33579315
 48.3357588  48.33582591 48.33586107 48.33581263] drones next lon [14.32675175 14.32676148 14.3267924  14.32679404 14.32670809 14.32682348
 14.32668743 14.32673768 14.32669756 14.32667242] 
WayPoint_Count 59 

Leader Index 5 

Leader Contour 362.0 

Contour Threshold 175 

Converging Before Rutherford Scattering [10.3742418  10.24985419 12.66481144 12.25093229  6.4092707  12.5057965
  4.33624805  8.91516793  4.71366531  3.97459374]_[-8.51113805 -6.43424759 -2.99529105  3.19769816 -4.19438533 -5.53685178
 -7.18779409 -3.15872936  2.04589004 -2.01560014] 

Minimum Distance Within Rutherford Scattering 4.2 

Converging After Rutherford Scattering [10.59999629  9.99711996 13.80705764 12.60410916  5.70679733 14.16116949
  3.35130358  9.09394891  4.35481696  2.71826263]_[-10.4854256   -6.77924203  -2.0026852    3.97442518  -4.45136606
  -6.16607885  -8.17596654  -2.17188832   3.04202103  -1.57424279] 

drones next lat [48.33574251 48.33577581 48.33581908 48.33587275 48.33579641 48.33578165
 48.33576272 48.33581718 48.33586371 48.33582205] drones next lon [14.32678826 14.32677969 14.32683053 14.32681359 14.32672153 14.3268358
 14.32669019 14.32676696 14.3267024  14.32668086] 
WayPoint_Count 60 

Leader Index 4 

Leader Contour 349.0 

Contour Threshold 175 

Converging Before Rutherford Scattering [10.32302954  8.83569764 10.95830493 12.33724655  5.39042536 11.76322342
  5.21757516  6.52776365  4.11954066  3.68337719]_[-9.11695034 -5.02279868 -2.22496348  2.42403055 -3.50273084 -6.66757954
 -5.88201143 -3.70980152  1.88091863 -3.84095213] 

Minimum Distance Within Rutherford Scattering 4.2 

Converging After Rutherford Scattering [10.45512891  9.49278223 11.97713836 12.83895673  4.29720246 13.34502175
  4.45236073  7.38932863  3.67282218  1.23544211]_[-10.64774126  -5.76826248  -1.50668576   3.28067446  -2.14870317
  -7.05972069  -7.60817073  -3.06377845   2.90015662  -4.04060731] 

drones next lat [48.33574104 48.33578486 48.33582339 48.33586653 48.33581701 48.33577355
 48.33576791 48.33580902 48.33586238 48.33579975] drones next lon [14.32678633 14.32677276 14.32680578 14.32681684 14.32670223 14.32682489
 14.32670497 14.32674406 14.32669321 14.32666115] 
WayPoint_Count 61 

Leader Index 4 

Leader Contour 333.5 

Contour Threshold 175 

Converging Before Rutherford Scattering [10.11264687  6.85546442  9.16347996 11.89683097  3.45401436 12.34431124
  5.17770575  5.89910523  4.75424718  3.72512807]_[-8.47185056 -4.71114559 -1.10180998  2.87402281 -1.61108452 -5.45227817
 -4.98590301 -3.40022168  0.3664863  -3.60459311] 

Minimum Distance Within Rutherford Scattering 4.2 

Converging After Rutherford Scattering [10.53271804  8.1619776  10.09127735 12.53337422  1.72416231 13.56483349
  4.27355294  6.14604665  4.70502917  1.64996228]_[-9.74860336 -5.78308617 -0.43953187  3.68989055 -0.51881378 -5.56678136
 -7.13935227 -2.48466127  2.2028073  -4.31024528] 

drones next lat [48.33574914 48.33578462 48.33583285 48.33587019 48.33583147 48.33578699
 48.33577211 48.33581414 48.33585619 48.33579736] drones next lon [14.32678727 14.32675481 14.32678021 14.32681267 14.32666732 14.32682768
 14.32670251 14.32672722 14.32670722 14.32666677] 
WayPoint_Count 62 

Leader Index 4 

Leader Contour 410.0 

Contour Threshold 175 

Converging Before Rutherford Scattering [ 9.34726841  7.29526925  7.13304485  9.70857949  0.72544984 12.62469599
  2.62555881  4.2736097   3.42219707  2.43275269]_[-7.32102825 -5.24880631 -0.7441712   2.68797418 -0.46808523 -5.21905668
 -5.64229326 -2.67118061  1.83525147 -2.97918952] 

Minimum Distance Within Rutherford Scattering 4.2 

Converging After Rutherford Scattering [ 9.97171004  7.50927821  7.95098008 10.43551145 -0.76020286 13.72181174
  1.92451002  4.6667286   3.23171599  0.93638283]_[-8.65621506 -5.7103215  -0.16034449  3.58125915  0.30581174 -5.23144952
 -7.24408175 -2.52686033  3.15347612 -3.28185977] 

drones next lat [48.33575892 48.33578522 48.33583519 48.33586904 48.33583869 48.33579002
 48.33577099 48.33581364 48.33586463 48.33580655] drones next lon [14.32677957 14.326746   14.3267513  14.32678438 14.32663371 14.32682976
 14.32667082 14.32670727 14.32668723 14.32665702] 
WayPoint_Count 63 

Leader Index 4 

Leader Contour 388.5 

Contour Threshold 175 

Converging Before Rutherford Scattering [ 7.84455643  5.25295841  6.68935652  9.24786773 -0.50704026 12.8218236
  1.41507     3.20058578  0.60354863  0.80688542]_[-8.18017717 -5.30290816  0.62403148  3.70109357  1.27323548 -4.76767982
 -6.3466884  -0.64965859  1.99733965 -0.78561655] 

Minimum Distance Within Rutherford Scattering 4.2 

Converging After Rutherford Scattering [ 8.33176534  5.4904514   7.43488512  9.94262601 -2.56024017 13.5169988
  0.69571755  3.70779159  0.95730223 -0.14168561]_[-9.1076429  -5.67004138  0.88911512  4.51256584  1.62994358 -4.87105951
 -7.2274428  -0.65704244  3.7423795  -1.67780352] 

drones next lat [48.33575473 48.33578543 48.33584459 48.33587738 48.33585046 48.33579325
 48.33577104 48.33583038 48.33586974 48.3358209 ] drones next lon [14.3267575  14.32671875 14.32674421 14.32677762 14.32660926 14.32682696
 14.32665424 14.32669411 14.32665647 14.32664229] 
