WayPoint_Count 1 

Leader Index 5 

Leader Contour 60.5 

Contour Threshold 90 

Previous Drone Positions [ 18.9  14.7  10.5   6.3   2.1  -2.1  -6.3 -10.5 -14.7 -18.9]_[-12. -12. -12. -12. -12. -12. -12. -12. -12. -12.] 

Mean Previous Drone Positions [0. 0. 0. 0. 0. 0. 0. 0. 0. 0.]_[-12. -12. -12. -12. -12. -12. -12. -12. -12. -12.] 

relative Drone Positions [ 18.9  14.7  10.5   6.3   2.1  -2.1  -6.3 -10.5 -14.7 -18.9]_[-0. -0. -0. -0.  0.  0.  0.  0.  0.  0.] 

current starting Drone Positions [ 18.9  14.7  10.5   6.3   2.1  -2.1  -6.3 -10.5 -14.7 -18.9]_[-12. -12. -12. -12. -12. -12. -12. -12. -12. -12.] 

scanning direction vector [0. 0. 0. 0. 0. 0. 0. 0. 0. 0.]_[2. 2. 2. 2. 2. 2. 2. 2. 2. 2.] 

changing back speed 0.3 

velocity vector [0. 0. 0. 0. 0. 0. 0. 0. 0. 0.]_[2. 2. 2. 2. 2. 2. 2. 2. 2. 2.] 

Moving Straight [ 18.9  14.7  10.5   6.3   2.1  -2.1  -6.3 -10.5 -14.7 -18.9]_[-10. -10. -10. -10. -10. -10. -10. -10. -10. -10.] 

drones next lat [48.33574753 48.3357472  48.33574687 48.33574654 48.33574621 48.33574588
 48.33574554 48.33574521 48.33574488 48.33574455] drones next lon [14.32690019 14.32684352 14.32678686 14.32673019 14.32667352 14.32661685
 14.32656018 14.32650351 14.32644685 14.32639018] 
WayPoint_Count 2 

Leader Index 5 

Leader Contour 102.5 

Contour Threshold 90 

Converging Before Rutherford Scattering [ 16.65538405  11.84483016   9.21229619   5.15567988   0.85451911
  -2.66664619  -4.03655493  -8.83460718 -13.50193646 -17.72169418]_[ -9.03037995 -10.5183479   -9.298121    -9.4824945   -9.34372192
 -10.82396122  -9.0353256   -9.0576423   -9.40259066 -10.56992866] 

Minimum Distance Within Rutherford Scattering 4.2 

Converging After Rutherford Scattering [ 17.28920617  12.53080716   9.24504484   5.19707507   1.02099427
  -2.60868408  -4.45721612  -9.10059546 -13.77915277 -18.37620862]_[ -8.90035839 -11.04213657  -8.87557838  -9.51904902  -9.08090386
 -11.93811767  -8.20572929  -8.97619327  -9.31126832 -10.71317895] 

drones next lat [48.3357573  48.33573766 48.33575689 48.33575078 48.33575439 48.3357284
 48.33576183 48.33575453 48.33575115 48.33573817] drones next lon [14.32687833 14.32681438 14.32676979 14.32671525 14.32665885 14.32661022
 14.32658483 14.32652227 14.32645919 14.32639733] 
WayPoint_Count 3 

Leader Index 3 

Leader Contour 93.5 

Contour Threshold 90 

Converging Before Rutherford Scattering [ 15.90309807  10.80699989   8.11352716   5.35009768   2.24295896
  -1.29878464  -1.56477684  -7.20317382 -12.50785076 -15.79276986]_[ -8.21113915  -9.66331128  -9.72640111 -10.5072717   -9.93110045
 -12.14573133  -8.8884024   -8.05720247 -10.01812879 -11.42230769] 

Minimum Distance Within Rutherford Scattering 4.2 

Converging After Rutherford Scattering [ 16.56047441  11.87224449   8.3761345    5.38955934   2.07877089
  -1.68104057  -2.00170468  -7.47145704 -12.52701055 -16.54664494]_[ -8.05183103  -9.75138657  -9.35030442 -11.15582974  -9.63879574
 -13.12625861  -8.15763393  -7.75037449  -9.89777778 -11.69080404] 

drones next lat [48.33576488 48.33574922 48.33575255 48.33573607 48.33574946 48.33571779
 48.33576246 48.33576569 48.33574597 48.33572952] drones next lon [14.3268684  14.32680534 14.32675812 14.32671804 14.32667319 14.32662287
 14.32661796 14.32654411 14.32647615 14.32642213] 
WayPoint_Count 4 

Leader Index 4 

Leader Contour 112.5 

Contour Threshold 90 

Converging Before Rutherford Scattering [ 15.18100293   9.01833861   6.55231546   4.08203956   1.71456861
  -1.21054307   0.87709603  -6.19107507  -9.70297001 -15.22497274]_[ -9.06315156 -10.24860563  -8.45710079  -9.46294494 -10.57011562
 -11.85741799  -8.88855843  -8.87003207 -10.42839376 -10.72609981] 

Minimum Distance Within Rutherford Scattering 4.2 

Converging After Rutherford Scattering [ 15.75328263   9.94282994   7.36234291   4.46704517   1.80318852
  -2.05465288   0.17081312  -6.33253366 -10.23537638 -15.78113904]_[ -9.0069083  -10.84226419  -7.33818743  -9.42048002 -11.85950701
 -12.7563587   -7.51200767  -8.43329948 -10.64109243 -10.76231536] 

drones next lat [48.33575622 48.33573925 48.33577057 48.33575161 48.33572946 48.33572108
 48.33576844 48.33575964 48.33573947 48.33573794] drones next lon [14.32685762 14.32677944 14.32674421 14.32670539 14.32666973 14.32661779
 14.32664719 14.32655956 14.32650716 14.32643235] 
WayPoint_Count 5 

Leader Index 6 

Leader Contour 79.5 

Contour Threshold 90 

Previous Drone Positions [ 15.75328263   9.94282994   7.36234291   4.46704517   1.80318852
  -2.05465288   0.17081312  -6.33253366 -10.23537638 -15.78113904]_[ -9.0069083  -10.84226419  -7.33818743  -9.42048002 -11.85950701
 -12.7563587   -7.51200767  -8.43329948 -10.64109243 -10.76231536] 

Mean Previous Drone Positions [0.50958003 0.50958003 0.50958003 0.50958003 0.50958003 0.50958003
 0.50958003 0.50958003 0.50958003 0.50958003]_[-9.85724206 -9.85724206 -9.85724206 -9.85724206 -9.85724206 -9.85724206
 -9.85724206 -9.85724206 -9.85724206 -9.85724206] 

relative Drone Positions [ 18.9  14.7  10.5   6.3   2.1  -2.1  -6.3 -10.5 -14.7 -18.9]_[-0. -0. -0. -0.  0.  0.  0.  0.  0.  0.] 

current starting Drone Positions [ 19.40958003  15.20958003  11.00958003   6.80958003   2.60958003
  -1.59041997  -5.79041997  -9.99041997 -14.19041997 -18.39041997]_[-9.85724206 -9.85724206 -9.85724206 -9.85724206 -9.85724206 -9.85724206
 -9.85724206 -9.85724206 -9.85724206 -9.85724206] 

scanning direction vector [0. 0. 0. 0. 0. 0. 0. 0. 0. 0.]_[2. 2. 2. 2. 2. 2. 2. 2. 2. 2.] 

changing back speed 0.3 

velocity vector [ 1.09688922  1.58002503  1.09417114  0.70276046  0.24191745  0.13926987
 -1.78836993 -1.09736589 -1.18651308 -0.78278428]_[1.74489987 2.29550664 1.24428361 1.86897139 2.60067948 2.86973499
 1.29642968 1.57281723 2.23515511 2.27152199] 

Moving Straight [ 16.85017185  11.52285496   8.45651404   5.16980563   2.04510597
  -1.91538301  -1.61755681  -7.42989956 -11.42188946 -16.56392332]_[-7.26200843 -8.54675755 -6.09390382 -7.55150863 -9.25882752 -9.88662371
 -6.21557798 -6.86048225 -8.40593732 -8.49079337] 

drones next lat [48.335772   48.33576003 48.33578185 48.33576848 48.33575287 48.33574691
 48.33577996 48.3357737  48.33575948 48.33575831] drones next lon [14.32687221 14.32680048 14.32675882 14.32671465 14.32667269 14.32661933
 14.32662291 14.32654456 14.32649089 14.32642152] 
WayPoint_Count 6 

Leader Index 4 

Leader Contour 121.0 

Contour Threshold 90 

Converging Before Rutherford Scattering [ 15.6864609    9.06051865   5.96328046   4.39735587   1.04592214
   0.6433621   -0.98063636  -6.24990851  -8.80791081 -13.68373189]_[ -8.10406682  -9.58034782  -6.26489377  -8.32500062  -9.21843354
 -10.38568261  -7.06067906  -6.69999796  -7.74615209  -8.10181713] 

Minimum Distance Within Rutherford Scattering 4.2 

Converging After Rutherford Scattering [ 16.17763316   9.78764527   6.64367081   4.91777732   1.19311018
   0.06827737  -1.55768001  -6.19954487  -9.55626437 -14.39991232]_[ -8.06802246 -10.01025514  -5.05847892  -8.76154132  -8.74213906
 -12.34351806  -6.12570234  -6.18221718  -8.05138239  -8.14381455] 

drones next lat [48.3357647  48.33574672 48.33579102 48.33575757 48.33575745 48.33572496
 48.33578077 48.3357799  48.33576282 48.3357616 ] drones next lon [14.32686323 14.32677725 14.32673424 14.32671139 14.32666113 14.32664638
 14.32662371 14.32656109 14.32651602 14.32645067] 
WayPoint_Count 7 

Leader Index 6 

Leader Contour 98.0 

Contour Threshold 90 

Converging Before Rutherford Scattering [ 14.42093174   8.83133896   5.64627705   3.97984198   0.40113932
  -1.1265451   -2.42925788  -3.20023676  -8.20965824 -12.87908953]_[ -8.82314608  -9.71477822  -5.48398209  -7.6028838   -8.11748344
 -11.1334979   -5.63544525  -6.19083953  -6.78163439  -6.94280478] 

Minimum Distance Within Rutherford Scattering 4.2 

Converging After Rutherford Scattering [ 15.00840739   9.32171014   6.37362346   4.37383408   0.46562323
  -1.43458952  -1.77903613  -4.48953289  -8.78889527 -13.61640294]_[ -8.8269541  -10.16010248  -4.41597009  -8.03303442  -8.30313764
 -12.32660574  -3.98526161  -6.67158199  -6.75551911  -6.94832829] 

drones next lat [48.33575778 48.33574534 48.33579678 48.33576408 48.33576134 48.335725
 48.33580001 48.33577563 48.33577453 48.33577242] drones next lon [14.32684755 14.32677098 14.32673052 14.32670397 14.32665127 14.3266261
 14.32662047 14.32658422 14.32652622 14.3264611 ] 
WayPoint_Count 8 

Leader Index 6 

Leader Contour 93.0 

Contour Threshold 90 

Converging Before Rutherford Scattering [ 12.85065821   8.24270461   4.74811094   1.74939103  -0.09707575
  -2.27182135  -1.10263225  -2.25132193  -7.69564719 -11.53332143]_[ -7.300987    -9.93133443  -5.23880838  -7.234948    -7.46162622
 -10.98436227  -4.72179252  -5.8393961   -6.66236977  -7.45241377] 

Minimum Distance Within Rutherford Scattering 4.2 

Converging After Rutherford Scattering [ 13.48156515   8.64230792   5.65252863   2.96072778  -0.44482481
  -2.65919649  -0.76265538  -3.63058355  -8.16018542 -12.44063895]_[ -7.18880158 -10.44926062  -4.440802    -7.56873151  -8.30527672
 -12.16256754  -2.91435812  -5.70033956  -6.52610659  -7.57179423] 

drones next lat [48.3357724  48.33574268 48.3357965  48.33576815 48.33576125 48.33572638
 48.33580972 48.33578443 48.33577665 48.3357669 ] drones next lon [14.32682675 14.32676184 14.32672079 14.32668484 14.32663898 14.32660956
 14.32663406 14.32659569 14.32653467 14.32647704] 
WayPoint_Count 9 

Leader Index 6 

Leader Contour 147.5 

Contour Threshold 90 

Converging Before Rutherford Scattering [12.46459141  7.93621983  3.78339156  0.80971742 -1.48814037 -1.61327291
 -1.06246069 -1.57528966 -5.36999462 -9.65602289]_[ -6.17526397  -9.71778124  -2.98077616  -6.43945417  -5.93025662
 -10.96824562  -3.86835853  -5.09079124  -5.53018259  -7.20618607] 

Minimum Distance Within Rutherford Scattering 4.2 

Converging After Rutherford Scattering [ 13.02263055   8.30185605   4.65232431   2.17262185  -1.84251681
  -1.74112927  -0.4574287   -2.73715564  -6.54941374 -10.59304952]_[ -6.05452889 -10.15868369  -2.28479766  -6.99190479  -7.75023102
 -12.18687963  -1.55846443  -4.16537434  -5.3216806   -7.43475116] 

drones next lat [48.33578256 48.33574527 48.33581582 48.33577327 48.33576614 48.33572623
 48.33582195 48.33579831 48.33578761 48.33576828] drones next lon [14.32682042 14.32675722 14.32670704 14.32667414 14.32662006 14.32662195
 14.32663801 14.32660756 14.32655626 14.32650195] 
WayPoint_Count 10 

Leader Index 6 

Leader Contour 92.5 

Contour Threshold 90 

Converging Before Rutherford Scattering [12.11768207  5.88479495  1.69683069  2.28822101 -1.99331818 -2.48634406
 -1.06003453 -1.78303389 -4.24219103 -8.78441189]_[ -5.54555865  -8.61606245  -1.78288337  -5.35255192  -6.60776035
 -10.02893838  -0.76042545  -3.59184437  -3.47489031  -5.43469613] 

Minimum Distance Within Rutherford Scattering 4.2 

Converging After Rutherford Scattering [12.63928473  6.48917699  2.82766793  3.06202045 -2.20237508 -2.76197283
 -1.35941546 -1.65987372 -5.63656165 -9.75975623]_[ -5.49828042  -9.21513067  -0.91963592  -5.71967418  -7.3988821
 -11.34132164   0.8885541   -3.40240058  -2.98329149  -5.60554848] 

drones next lat [48.33578754 48.33575361 48.33582795 48.33578479 48.33576927 48.33573376
 48.33584389 48.33580526 48.33580872 48.3357848 ] drones next lon [14.32681519 14.32673265 14.32668226 14.32668599 14.32661516 14.32660808
 14.32662555 14.32662201 14.3265683  14.32651298] 
WayPoint_Count 11 

Leader Index 3 

Leader Contour 82.5 

Contour Threshold 90 

Previous Drone Positions [12.63928473  6.48917699  2.82766793  3.06202045 -2.20237508 -2.76197283
 -1.35941546 -1.65987372 -5.63656165 -9.75975623]_[ -5.49828042  -9.21513067  -0.91963592  -5.71967418  -7.3988821
 -11.34132164   0.8885541   -3.40240058  -2.98329149  -5.60554848] 

Mean Previous Drone Positions [0.16381951 0.16381951 0.16381951 0.16381951 0.16381951 0.16381951
 0.16381951 0.16381951 0.16381951 0.16381951]_[-5.11956114 -5.11956114 -5.11956114 -5.11956114 -5.11956114 -5.11956114
 -5.11956114 -5.11956114 -5.11956114 -5.11956114] 

relative Drone Positions [ 18.9  14.7  10.5   6.3   2.1  -2.1  -6.3 -10.5 -14.7 -18.9]_[-0. -0. -0. -0.  0.  0.  0.  0.  0.  0.] 

current starting Drone Positions [ 19.06381951  14.86381951  10.66381951   6.46381951   2.26381951
  -1.93618049  -6.13618049 -10.33618049 -14.53618049 -18.73618049]_[-5.11956114 -5.11956114 -5.11956114 -5.11956114 -5.11956114 -5.11956114
 -5.11956114 -5.11956114 -5.11956114 -5.11956114] 

scanning direction vector [0. 0. 0. 0. 0. 0. 0. 0. 0. 0.]_[2. 2. 2. 2. 2. 2. 2. 2. 2. 2.] 

changing back speed 0.3 

velocity vector [ 1.92736043  2.51239276  2.35084547  1.02053972  1.33985838  0.2477377
 -1.43302951 -2.60289203 -2.66988565 -2.69292728]_[2.11361578 3.22867086 0.74002244 2.18003391 2.68379629 3.86652815
 0.19756543 1.48485183 1.3591191  2.1457962 ] 

Moving Straight [ 14.56664517   9.00156975   5.17851341   4.08256017  -0.8625167
  -2.51423513  -2.79244497  -4.26276575  -8.3064473  -12.45268351]_[-3.38466463 -5.98645981 -0.17961349 -3.53964027 -4.71508581 -7.47479349
  1.08611953 -1.91754875 -1.62417238 -3.45975228] 

drones next lat [48.3358067  48.33578286 48.3358348  48.33580448 48.33579352 48.33576856
 48.33584555 48.33581842 48.33582073 48.33580389] drones next lon [14.32684094 14.32676616 14.32671389 14.3266995  14.32663292 14.32661096
 14.32660619 14.32658671 14.32653212 14.32647639] 
WayPoint_Count 12 

Leader Index 4 

Leader Contour 163.0 

Contour Threshold 90 

Converging Before Rutherford Scattering [ 13.15452539   6.23383586   4.00111938   1.79668347  -1.75267196
  -0.50915651  -1.30270525  -2.05858688  -6.84415877 -10.17430392]_[-2.74221239 -5.11021505 -0.47381781 -3.06176133 -5.17074315 -5.96744999
 -1.32459275 -2.4367329  -1.46813879 -4.63213727] 

Minimum Distance Within Rutherford Scattering 4.2 

Converging After Rutherford Scattering [ 13.66195836   7.02763037   4.83687423   2.43956832  -3.04167175
   0.38610442  -0.98412126  -3.16355965  -7.65661601 -10.96158625]_[-2.6962743  -5.6189505   0.52977603 -3.18855393 -6.15663751 -7.66965578
  0.62147751 -2.35627942 -0.88994664 -4.96275689] 

drones next lat [48.33581283 48.33578601 48.33584115 48.33580751 48.33578038 48.33576704
 48.33584152 48.33581456 48.33582739 48.33579049] drones next lon [14.32682865 14.32673949 14.3267092  14.32667729 14.32660369 14.32665012
 14.32663065 14.32660159 14.3265408  14.32649669] 
WayPoint_Count 13 

Leader Index 3 

Leader Contour 136.5 

Contour Threshold 90 

Converging Before Rutherford Scattering [11.0031367   5.88202165  4.35036709  1.49939358 -2.23449215  1.78290048
 -0.63758902 -0.5117264  -5.18304725 -8.3380258 ]_[-3.53453382 -3.89952374 -1.95321975 -3.52924656 -4.89673812 -6.67750811
 -0.72681086 -1.91097791 -2.18597064 -3.93260675] 

Minimum Distance Within Rutherford Scattering 4.2 

Converging After Rutherford Scattering [11.892857    7.00048855  5.08678898  2.07621289 -3.05338608  2.03455083
 -0.87635321 -1.06452673 -6.01667963 -9.46701371]_[-3.52281409 -4.58422897 -0.66252778 -3.9375805  -6.06197003 -8.23933944
  1.62580003 -2.02019743 -1.57847889 -4.26579917] 

drones next lat [48.33580525 48.33579532 48.33583044 48.33580074 48.33578123 48.33576204
 48.33585056 48.33581774 48.33582133 48.33579688] drones next lon [14.32680488 14.326739   14.32671271 14.32667248 14.32660352 14.32667243
 14.32663198 14.32662988 14.32656301 14.32651677] 
WayPoint_Count 14 

Leader Index 3 

Leader Contour 127.0 

Contour Threshold 90 

Converging Before Rutherford Scattering [10.66156143  4.9462117   4.21153128  1.3483163  -0.80710883  2.91189524
  0.71599044  1.59575362 -4.88389169 -8.06811039]_[-2.96550069 -5.32128244 -1.25672156 -4.62326742 -4.37953349 -5.72574268
 -0.89665041 -3.3645262  -2.75476359 -3.40917098] 

Minimum Distance Within Rutherford Scattering 4.2 

Converging After Rutherford Scattering [11.54260218  6.71945976  5.37808865  0.70450662 -2.4743249   3.55197827
  0.0522495   1.98732105 -5.51994261 -9.30978944]_[-2.85485667 -5.73155381 -0.03713977 -6.04616977 -4.92183867 -7.84362629
  0.96158196 -2.40613091 -2.25568376 -3.56174178] 

drones next lat [48.33581123 48.33578497 48.33583609 48.33578167 48.33579153 48.33576572
 48.33584466 48.33581451 48.33581527 48.33580323] drones next lon [14.32680008 14.32673534 14.32671657 14.32665422 14.3266112  14.32669285
 14.32664459 14.3266711  14.32656979 14.32651881] 
WayPoint_Count 15 

Leader Index 4 

Leader Contour 62.0 

Contour Threshold 90 

Previous Drone Positions [11.54260218  6.71945976  5.37808865  0.70450662 -2.4743249   3.55197827
  0.0522495   1.98732105 -5.51994261 -9.30978944]_[-2.85485667 -5.73155381 -0.03713977 -6.04616977 -4.92183867 -7.84362629
  0.96158196 -2.40613091 -2.25568376 -3.56174178] 

Mean Previous Drone Positions [1.26321491 1.26321491 1.26321491 1.26321491 1.26321491 1.26321491
 1.26321491 1.26321491 1.26321491 1.26321491]_[-3.46971595 -3.46971595 -3.46971595 -3.46971595 -3.46971595 -3.46971595
 -3.46971595 -3.46971595 -3.46971595 -3.46971595] 

relative Drone Positions [ 18.9  14.7  10.5   6.3   2.1  -2.1  -6.3 -10.5 -14.7 -18.9]_[-0. -0. -0. -0.  0.  0.  0.  0.  0.  0.] 

current starting Drone Positions [ 20.16321491  15.96321491  11.76321491   7.56321491   3.36321491
  -0.83678509  -5.03678509  -9.23678509 -13.43678509 -17.63678509]_[-3.46971595 -3.46971595 -3.46971595 -3.46971595 -3.46971595 -3.46971595
 -3.46971595 -3.46971595 -3.46971595 -3.46971595] 

scanning direction vector [0. 0. 0. 0. 0. 0. 0. 0. 0. 0.]_[2. 2. 2. 2. 2. 2. 2. 2. 2. 2.] 

changing back speed 0.3 

velocity vector [ 2.58618382  2.77312654  1.91553788  2.05761249  1.75126194 -1.31662901
 -1.52671038 -3.36723184 -2.37505274 -2.49809869]_[1.81554222 2.67855136 0.97022715 2.77293615 2.43563682 3.3121731
 0.67061063 1.68092449 1.63579034 2.02760775] 

Moving Straight [ 14.128786     9.49258631   7.29362653   2.76211911  -0.72306296
   2.23534926  -1.47446088  -1.37991079  -7.89499535 -11.80788814]_[-1.03931446 -3.05300245  0.93308738 -3.27323363 -2.48620185 -4.53145319
  1.63219259 -0.72520642 -0.61989342 -1.53413403] 

drones next lat [48.33582777 48.33580929 48.33584497 48.33580677 48.33581358 48.33579541
 48.33585057 48.33582937 48.3358298  48.33582127] drones next lon [14.32683476 14.32677244 14.3267423  14.32668166 14.32663454 14.3266747
 14.32662391 14.32662547 14.32653755 14.32648486] 
WayPoint_Count 16 

Leader Index 4 

Leader Contour 93.5 

Contour Threshold 90 

Converging Before Rutherford Scattering [11.33725972  6.7291122   5.90176372  0.7654124   0.10892375  0.09892004
 -0.44431485 -1.14580305 -5.91124358 -9.42387467]_[-1.8319701  -3.58439581 -0.74570258 -1.8337333  -1.93140628 -4.26510907
 -1.07662878 -3.48448516 -2.1224042  -0.78504054] 

Minimum Distance Within Rutherford Scattering 4.2 

Converging After Rutherford Scattering [ 12.24090119   7.42633373   6.63386422   2.81121472  -0.42909442
   0.89883573  -1.47041809  -2.99410834  -6.64557266 -10.45580041]_[-1.74784298 -4.49622609  0.23942821 -1.0855669  -2.15999001 -6.42294758
  1.46619513 -4.77664137 -2.19862992 -0.47865431] 

drones next lat [48.33582125 48.33579614 48.33583868 48.33582646 48.33581654 48.33577829
 48.33584908 48.33579279 48.3358157  48.33583087] drones next lon [14.32680937 14.32674473 14.32673348 14.32668206 14.32663847 14.32665689
 14.32662399 14.32660417 14.3265546  14.32650298] 
WayPoint_Count 17 

Leader Index 4 

Leader Contour 117.5 

Contour Threshold 90 

Converging Before Rutherford Scattering [ 9.51219059  6.50661475  5.38739028  0.13439267 -1.02081398 -0.3520716
  0.07479744 -2.34202201 -5.26935461 -9.21833245]_[-2.49656228 -3.85263305  0.35839194 -1.08733197 -2.96613389 -3.75876409
 -0.33961144 -4.01214424 -2.96782795 -0.13133315] 

Minimum Distance Within Rutherford Scattering 4.2 

Converging After Rutherford Scattering [ 10.6962084    6.85014006   6.02707087   1.46673379  -2.02981112
   0.90826379  -0.24956192  -3.56025519  -6.63154194 -10.06445566]_[-2.41159282 -4.62660169  1.19822832 -1.1294934  -2.27078705 -5.74967152
  2.3003452  -5.86545597 -2.97571514  0.27679393] 

drones next lat [48.33581515 48.33579492 48.33584726 48.33582596 48.33581541 48.33578435
 48.33585668 48.33578296 48.33580871 48.3358377 ] drones next lon [14.3267886  14.32673697 14.32672518 14.32666392 14.32661688 14.32665694
 14.32664036 14.32659666 14.32655488 14.32650817] 
WayPoint_Count 18 

Leader Index 6 

Leader Contour 114.0 

Contour Threshold 90 

Converging Before Rutherford Scattering [ 8.72014877  5.59440035  3.6094203   1.44230639 -0.63803374  1.25537756
 -0.63477202 -1.81869773 -4.09032914 -7.13351335]_[-2.61107936 -2.24548286  2.43825754  1.15111139  0.33884534 -2.99494536
  1.3775163  -4.15234729 -1.72316879  0.91504341] 

Minimum Distance Within Rutherford Scattering 4.2 

Converging After Rutherford Scattering [10.02881951  6.11076635  4.96106126  2.18273676 -1.28925126  1.80230854
 -1.59743661 -2.34292642 -5.31623693 -8.23353381]_[-2.87048363 -2.6238421   3.79135448  1.51072853 -0.42413673 -4.10947641
  3.60478078 -5.64779658 -2.13082303  1.39344498] 

drones next lat [48.33581097 48.33581288 48.3358705  48.33584977 48.33583208 48.33579918
 48.3358683  48.33578501 48.33581641 48.33584789] drones next lon [14.32677965 14.32672676 14.32671049 14.32667327 14.32662665 14.3266688
 14.32662202 14.32661306 14.32657252 14.32653274] 
WayPoint_Count 19 

Leader Index 5 

Leader Contour 189.0 

Contour Threshold 90 

Converging Before Rutherford Scattering [ 9.04288506  4.91032921  5.06831373  2.75507604 -0.25583615  2.50910541
 -1.59530756  0.5282065  -4.17422518 -6.02404488]_[-3.04024183 -3.99931705  2.46151741  0.22209916 -2.92412773 -3.40205986
  2.36866938 -5.04035811 -3.28601081 -0.45821117] 

Minimum Distance Within Rutherford Scattering 4.2 

Converging After Rutherford Scattering [10.20004387  6.16805443  5.94209485  2.85188599 -1.07375168  2.86616649
 -2.02446936  0.1491379  -5.18210326 -7.13255705]_[-3.07824458 -4.90377415  3.56826202  0.95489755 -2.55674471 -3.57882887
  3.39036458 -6.93541964 -4.02992643  0.07137364] 

drones next lat [48.33580912 48.33579237 48.33586857 48.33584482 48.33581292 48.33580403
 48.33586634 48.33577362 48.33579934 48.33583608] drones next lon [14.32678199 14.3267278  14.32672375 14.32668237 14.32662982 14.3266831
 14.32661628 14.32664683 14.32657456 14.32654776] 
WayPoint_Count 20 

Leader Index 4 

Leader Contour 169.5 

Contour Threshold 90 

Converging Before Rutherford Scattering [ 8.02131627  3.40013765  5.4351817   0.60722729 -1.93244046  0.6966765
 -2.62123843 -1.01361734 -2.31173493 -4.29774269]_[-2.00231987 -3.78598009  2.22903341  0.27830946 -2.04424731 -2.10427749
  1.00632984 -4.22832956 -3.51093157 -0.72783957] 

Minimum Distance Within Rutherford Scattering 4.2 

Converging After Rutherford Scattering [ 9.08697311  4.60568426  6.17122705  1.25330372 -2.36222076  1.63608705
 -3.24641285 -0.47301739 -4.27039784 -6.41746078]_[-2.13413072 -4.82432711  3.07922369  1.84057619 -1.55643604 -2.26800326
  2.87031813 -6.39053892 -5.08786374 -0.41907098] 

drones next lat [48.33581752 48.33579297 48.33586419 48.33585266 48.33582181 48.33581573
 48.33586157 48.33577848 48.33578989 48.33583173] drones next lon [14.32676686 14.32670671 14.3267269  14.32666069 14.32661231 14.32666634
 14.32659986 14.32663837 14.32658698 14.32655746] 
WayPoint_Count 21 

Leader Index 4 

Leader Contour 155.0 

Contour Threshold 90 

Converging Before Rutherford Scattering [ 7.34301089  3.53063893  5.33822909 -1.15791318 -2.33506572 -1.28389798
 -2.20641149 -0.326649   -3.27425554 -5.09933336]_[-3.00068071 -3.29779723  2.50587753  0.77203297 -2.55606727 -2.22699891
  1.67047484 -5.01300955 -2.32933442 -0.16489763] 

Minimum Distance Within Rutherford Scattering 4.2 

Converging After Rutherford Scattering [ 8.51979718  4.30390628  5.99159387 -0.02387497 -2.7776213   0.15476964
 -3.13373125  0.08275951 -5.72090213 -6.86834418]_[-3.20564294 -3.76017758  3.21504407  1.72691678 -4.26600979 -1.99308058
  3.68192776 -6.93863216 -2.83054259  0.72979664] 

drones next lat [48.33580784 48.33580252 48.3358654  48.33585154 48.33579741 48.33581808
 48.33586888 48.33577359 48.33581009 48.33584202] drones next lon [14.32675933 14.32670252 14.32672446 14.32664347 14.32660703 14.32664632
 14.32660128 14.32664594 14.32656715 14.32655124] 
WayPoint_Count 22 

Leader Index 4 

Leader Contour 136.5 

Contour Threshold 90 

Converging Before Rutherford Scattering [ 6.53134526  3.30278838  5.16542916  0.13933241 -3.5353121  -0.84083663
 -3.0096036  -0.71154207 -4.48386518 -6.32281494]_[-2.39254385 -4.01386274  2.63564882 -0.14924472 -4.91862351 -4.02926702
  2.68333326 -6.31819784 -4.53536087 -0.12526115] 

Minimum Distance Within Rutherford Scattering 4.2 

Converging After Rutherford Scattering [ 7.71669091  4.05436755  5.70599362  0.4343437  -3.70965086 -0.49706244
 -3.30000553 -0.15205769 -6.68193696 -7.33576159]_[-2.36498421 -4.57441977  3.38492854  0.63893711 -6.16832849 -3.62722952
  3.76570287 -8.14362673 -4.4478237   0.3734643 ] 

drones next lat [48.33581534 48.33579517 48.3358669  48.33584178 48.33578022 48.33580333
 48.33586962 48.33576273 48.33579546 48.33583878] drones next lon [14.3267484  14.32669925 14.32672059 14.32664978 14.32659468 14.32663772
 14.32659903 14.32664291 14.32655437 14.32654498] 
WayPoint_Count 23 

Leader Index 5 

Leader Contour 103.5 

Contour Threshold 90 

Converging Before Rutherford Scattering [ 6.11271075  1.43810544  4.07144738 -0.44598466 -2.95805584  0.49673238
 -2.86273729  0.249695   -3.72069789 -6.41987128]_[-3.59667333 -3.41410215  0.93600248 -2.20617619 -5.50419343 -3.51600067
  0.93323569 -6.98189501 -4.39048199 -0.05056791] 

Minimum Distance Within Rutherford Scattering 4.2 

Converging After Rutherford Scattering [ 7.4779722   3.44040881  4.78246706 -0.74719864 -3.58813111  0.06966128
 -3.18693911  0.80698297 -5.43017285 -7.66370662]_[-3.86561566 -3.32835479  1.94536169 -0.77473523 -7.3356678  -4.45301943
  2.35210809 -8.72035549 -4.04759501  0.43702111] 

drones next lat [48.33580182 48.33580633 48.33585388 48.33582897 48.33576973 48.33579595
 48.33585691 48.33575762 48.33579916 48.33583933] drones next lon [14.32674535 14.32669081 14.3267083  14.32663401 14.32659646 14.32664547
 14.32660072 14.32665592 14.32657121 14.32654055] 
WayPoint_Count 24 

Leader Index 5 

Leader Contour 219.0 

Contour Threshold 90 

Converging Before Rutherford Scattering [ 5.59002372  2.52689523  3.20906836  0.44857208 -2.94501147  0.87938048
 -3.03078745  1.46646231 -3.99788013 -6.92072526]_[-5.01808724 -3.78137816  1.25699159 -3.37453336 -5.72441474 -3.8662019
 -0.1589849  -6.74824105 -5.02156407 -0.31188847] 

Minimum Distance Within Rutherford Scattering 4.2 

Converging After Rutherford Scattering [ 7.2392975   4.21895048  3.78627498 -0.42745149 -3.09297526  0.95721391
 -3.43526692  1.91926421 -5.88194363 -8.05736593]_[-5.55133723 -3.05190528  2.35353002 -1.68770498 -7.35225426 -4.99983306
  1.01353772 -8.72438872 -4.91852317  0.17057665] 

drones next lat [48.33578663 48.33580888 48.33585747 48.33582079 48.33576962 48.3357911
 48.33584485 48.33575767 48.33579129 48.3358369 ] drones next lon [14.32674233 14.32670129 14.32669481 14.32663843 14.32660314 14.32665751
 14.32659753 14.32667093 14.32656522 14.32653527] 
WayPoint_Count 25 

Leader Index 5 

Leader Contour 190.5 

Contour Threshold 90 

Converging Before Rutherford Scattering [ 4.80844084  1.61342175  4.06788153 -0.55017002 -0.55859327  0.25625395
 -1.7022665   0.82241442 -3.68086527 -7.29575479]_[-4.47770825 -3.618354    0.46461656 -3.98073661 -6.94112506 -5.71303369
 -1.43446975 -5.98545552 -3.9627531  -1.05411264] 

Minimum Distance Within Rutherford Scattering 4.2 

Converging After Rutherford Scattering [ 6.5856905   2.80670921  4.8137952  -1.25312668 -1.75066622 -0.41640121
 -2.26272726  2.9719851  -5.34823805 -8.36625793]_[-4.70663155 -2.59850044  1.59380909 -2.97232875 -9.52372017 -6.23681386
  0.5217335  -7.87892115 -4.35805842 -0.54370029] 

drones next lat [48.33579418 48.33581285 48.33585072 48.33580916 48.33575019 48.33577986
 48.33584052 48.33576536 48.33579637 48.33583045] drones next lon [14.32673341 14.32668218 14.32670876 14.32662744 14.32662151 14.32663912
 14.32661341 14.32668503 14.32657236 14.32653118] 
WayPoint_Count 26 

Leader Index 3 

Leader Contour 194.0 

Contour Threshold 90 

Converging Before Rutherford Scattering [ 4.26861314  1.56755662  4.14414338 -2.21659121 -2.59894429 -1.38139702
 -1.6454343   2.07313317 -3.3147896  -7.10342274]_[-3.34330686 -2.12320294  0.76288026 -2.70449278 -7.55269277 -5.18294374
 -0.40159551 -7.27716955 -4.70729006 -0.41324065] 

Minimum Distance Within Rutherford Scattering 4.2 

Converging After Rutherford Scattering [ 5.78771365  2.04667868  5.01368359 -2.81457396 -3.23620273 -0.72583342
 -1.83719511  2.95716243 -5.25601203 -8.14255397]_[-3.68718522 -1.66130456  1.87329508 -2.11582074 -9.37624113 -5.8919779
  1.50681809 -8.46044818 -5.2311141   0.10092407] 

drones next lat [48.33580329 48.33582122 48.33585325 48.33581675 48.3357514  48.33578294
 48.33584941 48.33576013 48.33578853 48.33583627] drones next lon [14.32672253 14.32667181 14.32671143 14.32660627 14.32660145 14.3266349
 14.32661903 14.3266849  14.3265737  14.32653412] 
WayPoint_Count 27 

Leader Index 3 

Leader Contour 176.5 

Contour Threshold 90 

Converging Before Rutherford Scattering [ 2.82077866 -0.27503168  3.90525497 -3.7762722  -3.6463623  -1.19868129
 -2.05790814  0.98429457 -3.16414497 -5.7078425 ]_[-3.35972348 -0.90364539  1.70438377 -2.38993109 -6.52918766 -3.2730948
  0.52972078 -7.76001886 -3.14360324  0.14139801] 

Minimum Distance Within Rutherford Scattering 4.2 

Converging After Rutherford Scattering [ 4.32858934  0.77213607  4.84857082 -5.53905716 -4.47756152 -0.17153779
 -2.34819508  1.56933375 -3.78278944 -7.31540389]_[-3.71447168 -0.05550953  2.52414817 -1.74234532 -8.18608058 -4.04210712
  2.35844822 -8.97621291 -4.49537743  1.34580622] 

drones next lat [48.33580293 48.33583556 48.33585909 48.33581989 48.33576201 48.33579963
 48.33585703 48.33575538 48.33579526 48.33584753] drones next lon [14.32670284 14.32665442 14.32670912 14.32656947 14.32658456 14.32664216
 14.32661204 14.32666624 14.32659349 14.32654514] 
WayPoint_Count 28 

Leader Index 5 

Leader Contour 177.5 

Contour Threshold 90 

Converging Before Rutherford Scattering [ 1.66518751  1.26665209  2.71786639 -3.07799237 -4.03648406  0.80042497
 -2.68133597  1.75124357 -0.82672303 -6.29491084]_[-4.60324785 -1.70579264  1.33652471 -3.31247002 -6.80316983 -3.80697227
  0.67786061 -7.62119182 -4.00982204 -0.67573452] 

Minimum Distance Within Rutherford Scattering 4.2 

Converging After Rutherford Scattering [ 4.00315793  2.07136601  3.69655479 -4.61020396 -5.03325294  1.31066809
 -3.01340287  2.19787432 -1.65108218 -7.68775093]_[-5.70129601 -0.35261716  2.78778924 -3.08545298 -8.09035994 -3.5189604
  2.0292494  -9.39594597 -5.05559166 -0.14083021] 

drones next lat [48.33578503 48.33583299 48.33586137 48.33580788 48.33576282 48.33580445
 48.33585402 48.33575165 48.33579039 48.33583413] drones next lon [14.32669869 14.32667199 14.32669355 14.32658216 14.32657705 14.3266621
 14.3266031  14.32667477 14.32662232 14.32654029] 
WayPoint_Count 29 

Leader Index 5 

Leader Contour 168.5 

Contour Threshold 90 

Converging Before Rutherford Scattering [ 2.36942882  2.59839163  2.16691581 -2.1635465  -3.23176907  0.39488847
 -0.9518075   1.30608205  0.13306471 -4.86302328]_[-3.44516349 -2.18993914  0.34764427 -2.33947609 -7.90498656 -3.92064147
  1.00629887 -6.6133347  -5.13448874 -1.1488444 ] 

Minimum Distance Within Rutherford Scattering 4.2 

Converging After Rutherford Scattering [ 4.32159435  4.3417936   2.94093216 -3.28376619 -4.28668081  0.2479817
 -1.51347079  2.4684075  -0.88602561 -6.59214075]_[-4.65847679 -1.10483038  2.23043653 -2.1627947  -9.03879751 -3.17905846
  2.55353    -8.72767807 -6.68050887 -0.57475319] 

drones next lat [48.33579444 48.33582641 48.3358563  48.33581629 48.33575435 48.33580742
 48.33585885 48.33575768 48.33577583 48.33583031] drones next lon [14.32670286 14.32670271 14.32668342 14.32659995 14.32658723 14.32664772
 14.32662328 14.32667834 14.32663284 14.32655512] 
WayPoint_Count 30 

Leader Index 5 

Leader Contour 186.5 

Contour Threshold 90 

Converging Before Rutherford Scattering [ 1.75762838  3.2264837   2.96982969 -0.99940487 -2.70519459  1.19261771
 -0.20980323  0.96188799  0.08494789 -5.6710058 ]_[-4.70515299 -2.752252    0.83147222 -1.78381324 -6.52317299 -3.50717857
  1.33960598 -6.22497776 -5.71276973 -1.60474775] 

Minimum Distance Within Rutherford Scattering 4.2 

Converging After Rutherford Scattering [ 3.69771455  5.39946068  4.00170378 -2.29231376 -4.41773627  1.07558029
 -0.66122163  1.86157792 -1.12010792 -6.93667078]_[-5.68931738 -2.17539445  2.15933679 -1.05202673 -7.66101217 -2.61502394
  2.97884632 -8.99671026 -6.29396755 -1.29771746] 

drones next lat [48.33578511 48.33581686 48.33585574 48.33582636 48.33576673 48.33581256
 48.33586275 48.33575521 48.33577929 48.33582378] drones next lon [14.32669457 14.32671711 14.32669774 14.3266132  14.3265853  14.32665882
 14.32663473 14.32667018 14.32662963 14.32655056] 
WayPoint_Count 31 

Leader Index 5 

Leader Contour 178.5 

Contour Threshold 90 

Converging Before Rutherford Scattering [ 1.45218732  4.1516529   2.92231686  0.27413898 -1.972468    1.97793982
  0.70085149  2.04275351  0.87271134 -4.76299243]_[-4.48694522 -3.04817396  1.45353074 -1.23512972 -6.0745388  -2.18403986
  1.70800083 -6.10682493 -4.32501083 -0.64242396] 

Minimum Distance Within Rutherford Scattering 4.2 

Converging After Rutherford Scattering [ 2.81998712  6.51712718  4.31347158 -1.11501615 -3.45607527  2.83064034
 -0.01370513  2.76382754 -0.98194523 -6.01922018]_[-5.2768163  -3.16135215  2.80433048 -0.44380831 -7.38384898 -1.33644017
  3.53694395 -8.74991246 -4.64018037 -0.29047139] 

drones next lat [48.33578875 48.33580808 48.33586157 48.33583192 48.3357693  48.3358242
 48.33586782 48.33575751 48.33579418 48.33583291] drones next lon [14.32668267 14.32673231 14.32670187 14.32662901 14.32659824 14.32668235
 14.3266434  14.32668233 14.3266313  14.32656282] 
WayPoint_Count 32 

Leader Index 5 

Leader Contour 219.0 

Contour Threshold 90 

Converging Before Rutherford Scattering [ 1.8346782   3.72607601  2.94707473  0.39750521 -2.77182342  2.98335444
  0.41305502  3.1166418  -0.4683826  -3.39204816]_[-3.41277065 -2.22203845  1.6432062   0.01376714 -5.34406958 -0.34816976
  2.62324947 -7.69228634 -3.26587161  0.24232561] 

Minimum Distance Within Rutherford Scattering 4.2 

Converging After Rutherford Scattering [ 2.18359921  5.92166183  4.23437886 -0.38708503 -4.04979588  3.98954226
 -0.24885897  3.57972437 -1.50813319 -4.92890224]_[-4.68070412 -3.04577028  3.58821212  0.36963255 -6.53269526  0.01541847
  4.53286209 -8.98781932 -3.73760156  0.71580734] 

drones next lat [48.33579407 48.33580907 48.33586862 48.3358393  48.33577691 48.33583646
 48.33587676 48.33575543 48.33580226 48.33584205] drones next lon [14.32667402 14.32672426 14.32670071 14.32663873 14.32659013 14.32669783
 14.32664011 14.32669336 14.32662409 14.32657741] 
WayPoint_Count 33 

Leader Index 3 

Leader Contour 195.0 

Contour Threshold 90 

Converging Before Rutherford Scattering [ 0.6848611   5.1577611   1.85859757  0.54882773 -3.83163836  1.05760098
 -0.71215679  2.0774184  -1.785759   -3.8341612 ]_[-2.09200395 -2.19449134  3.123734    0.72186444 -5.4606983  -0.16863227
  3.45181193 -7.83863809 -2.40246992  0.12683657] 

Minimum Distance Within Rutherford Scattering 4.2 

Converging After Rutherford Scattering [ 1.15023722  6.59843288  3.21268238 -0.24308545 -4.78880328  2.74959962
 -1.67655745  2.41171575 -2.80037733 -5.3924928 ]_[-3.71048371 -2.5221131   4.62825094  1.69934398 -6.58067713 -0.30051543
  5.24955515 -8.86098723 -2.96925805  0.63419766] 

drones next lat [48.33580271 48.33581383 48.33587789 48.33585127 48.33577642 48.33583352
 48.33588309 48.33575648 48.33580907 48.33584128] drones next lon [14.32665996 14.32673333 14.3266868  14.32664052 14.32658017 14.32668113
 14.32662076 14.32667759 14.32660657 14.32657117] 
WayPoint_Count 34 

Leader Index 5 

Leader Contour 211.0 

Contour Threshold 90 

Converging Before Rutherford Scattering [ 1.61835203  3.89792666  2.78574377  2.04783563 -2.6604478   1.77976778
 -1.32439945  1.9538891  -1.26012233 -4.16851093]_[-2.82426591 -1.27270518  1.66621111 -0.19006184 -6.10666717 -0.05674052
  3.23952787 -6.01877381 -1.13752468  1.05253196] 

Minimum Distance Within Rutherford Scattering 4.2 

Converging After Rutherford Scattering [ 1.58027633  6.49122971  4.04641546  3.50534297 -3.51410238  0.30932915
 -1.86886193  2.45561548 -2.61279445 -5.72241587]_[-3.99665565 -2.04424772  3.76219376 -0.3240503  -7.06489197  1.15477633
  4.83334216 -7.69553338 -1.7178231   1.44442169] 

drones next lat [48.33580017 48.33581812 48.33587017 48.33583336 48.33577217 48.33584641
 48.33587934 48.33576697 48.33582034 48.33584854] drones next lon [14.3266658  14.32673183 14.32669815 14.32669133 14.32659742 14.32664804
 14.32661821 14.32667804 14.32660895 14.32656662] 
WayPoint_Count 35 

Leader Index 5 

Leader Contour 201.5 

Contour Threshold 90 

Converging Before Rutherford Scattering [ 1.47130957  5.46753899  3.21585548  2.65021417 -1.68123999  0.78310151
 -0.59313603  1.5604327  -1.48742373 -3.5568299 ]_[-2.98387089 -1.78357665  2.03089248  0.23575052 -5.39709461  0.27412899
  4.07889899 -4.84612749 -1.2694101   0.36268583] 

Minimum Distance Within Rutherford Scattering 4.2 

Converging After Rutherford Scattering [ 1.79260651  7.19164566  4.41116607  3.92057614 -2.74466424  0.10539229
 -1.08267954  2.21097343 -2.66255793 -5.31263564]_[-3.39537774 -2.28327794  3.9541869   0.19713389 -6.67109423  1.14998833
  5.57516884 -6.96382464 -1.8907487   1.03012235] 

drones next lat [48.3358056  48.33581603 48.33587192 48.33583809 48.33577577 48.33584636
 48.33588607 48.33577353 48.33581878 48.33584485] drones next lon [14.32666859 14.3267413  14.32670305 14.32669688 14.32660776 14.32664529
 14.32662873 14.32667466 14.3266083  14.3265722 ] 
WayPoint_Count 36 

Leader Index 5 

Leader Contour 220.0 

Contour Threshold 90 

Converging Before Rutherford Scattering [ 1.04440336  4.48669317  2.15714089  1.18434609 -1.32720288  1.08213133
  0.17601083  1.21435367 -1.54682711 -2.3187661 ]_[-0.52174808 -0.98599331  2.04675972  1.28727136 -5.47252834  1.3644198
  2.97107242 -4.15862606 -1.38480325  0.96829   ] 

Minimum Distance Within Rutherford Scattering 4.2 

Converging After Rutherford Scattering [ 0.89641445  6.55381527  3.95747713  3.61043154 -2.21355085 -0.57484466
 -0.44180872  2.06134485 -3.1640473  -4.53294846]_[-1.78422848 -1.71506172  4.22750779  0.6021365  -6.98966929  2.29108136
  5.93351604 -5.72082947 -2.36968384  1.63934537] 

drones next lat [48.33582002 48.33582109 48.33587435 48.3358417  48.33577295 48.33585657
 48.33588935 48.3357847  48.33581443 48.33585039] drones next lon [14.32665631 14.32673263 14.3266969  14.32669264 14.32661496 14.32663597
 14.32663734 14.32667249 14.32660159 14.32658264] 
WayPoint_Count 37 

Leader Index 5 

Leader Contour 175.0 

Contour Threshold 90 

Converging Before Rutherford Scattering [ 1.0031826   4.28210818  2.42870678  2.75137119 -1.53617283 -1.55381477
 -0.36147933  2.0160648  -1.28551489 -3.45669998]_[ 0.71528691 -1.5843728   2.49111952  1.44409961 -5.96425069  2.0870776
  4.92302398 -4.63577173 -1.04188191  2.40595585] 

Minimum Distance Within Rutherford Scattering 4.2 

Converging After Rutherford Scattering [ 0.94363296  5.79718652  3.31809926  4.74735543 -2.21481817 -2.07731764
 -0.61182644  2.49861571 -2.46071866 -5.65245722]_[ 0.13684779 -2.4522666   4.6385712   1.26894577 -7.09131684  2.62168678
  6.77668389 -5.84076663 -2.12979459  2.91169555] 

drones next lat [48.33583731 48.3358144  48.33587799 48.33584779 48.33577203 48.33585942
 48.33589692 48.33578366 48.33581665 48.33586175] drones next lon [14.32665672 14.32672251 14.32668822 14.3267079  14.32661496 14.32661566
 14.32663494 14.3266784  14.32661105 14.32656739] 
WayPoint_Count 38 

Leader Index 5 

Leader Contour 197.0 

Contour Threshold 90 

Converging Before Rutherford Scattering [-1.57709921  4.74615276  2.35633344  3.40797554 -1.4111129  -2.6337328
 -1.5526836   0.70284925 -1.49988198 -3.89050587]_[ 1.19010885 -0.59252372  3.52724185  0.87514961 -5.72299319  3.45259121
  5.85183288 -3.54589206  0.46375558  3.72282508] 

Minimum Distance Within Rutherford Scattering 4.2 

Converging After Rutherford Scattering [-1.4846454   6.42390182  3.22619673  4.00668428 -2.0590909  -2.82811352
 -1.35659568  1.34471274 -2.21642113 -6.40833432]_[ 1.50102825 -1.5863433   4.84319756  1.07283671 -7.01052388  4.39488278
  7.83056153 -4.4490079  -1.62213375  4.2475981 ] 

drones next lat [48.33584939 48.33582224 48.33587983 48.33584597 48.33577277 48.33587532
 48.33590634 48.33579608 48.33582123 48.33587371] drones next lon [14.32662379 14.32673086 14.32668696 14.32669793 14.32661705 14.32660532
 14.32662477 14.32666267 14.32661429 14.32655703] 
WayPoint_Count 39 

Leader Index 5 

Leader Contour 158.5 

Contour Threshold 90 

Converging Before Rutherford Scattering [-1.94964606  5.65231791  1.76949035  3.05710913 -3.11511583 -3.30437645
 -3.13449912 -0.39946021 -2.07777682 -4.62926725]_[ 4.24121725 -0.08156039  3.8524527   2.47519569 -5.40348497  5.2741857
  6.12975853 -3.09475447  1.30770222  5.30547579] 

Minimum Distance Within Rutherford Scattering 4.2 

Converging After Rutherford Scattering [-0.97709329  6.82936503  2.5372633   4.23277341 -3.72393945 -4.12181265
 -2.90693845  0.04389642 -2.67085033 -7.37388832]_[ 4.01833637 -0.77903984  5.21510227  2.05831926 -6.34359437  4.9701501
  8.85055126 -3.84845472  0.1881486   5.67666912] 

drones next lat [48.33587207 48.33582953 48.33588312 48.33585485 48.33577864 48.33588039
 48.33591539 48.33580138 48.33583748 48.33588649] drones next lon [14.32663034 14.32673624 14.32667762 14.32670087 14.32659451 14.3265878
 14.32660373 14.32664505 14.32660794 14.32654384] 
WayPoint_Count 40 

Leader Index 5 

Leader Contour 119.0 

Contour Threshold 90 

Converging Before Rutherford Scattering [-3.37561294  5.82876915  0.33009644  2.93498205 -4.44035399 -5.09558778
 -4.07144953 -1.57685098 -3.71589934 -5.21139331]_[ 5.47263347  0.78839355  6.11960097  1.90972152 -5.10806283  4.74263746
  6.11815665 -1.39782792  1.21633686  6.23018094] 

Minimum Distance Within Rutherford Scattering 4.2 

Converging After Rutherford Scattering [-2.17797037  7.0326941   1.49334918  3.29323855 -4.82557806 -6.68816074
 -3.69755592 -1.06356136 -4.22882797 -7.53092764]_[ 4.86432421  0.40003579  7.01665429  1.8754915  -5.99050096  3.71973561
  8.46229537 -2.35445283  0.42648314  7.67170456] 

drones next lat [48.33587959 48.33584016 48.33589924 48.33585313 48.33578173 48.33586894
 48.33591184 48.33581474 48.3358395  48.33590442] drones next lon [14.32661404 14.32673884 14.32666332 14.32668821 14.3265796  14.32655332
 14.32659311 14.32662993 14.32658689 14.32654148] 
WayPoint_Count 41 

Leader Index 5 

Leader Contour 88.0 

Contour Threshold 90 

Previous Drone Positions [-2.17797037  7.0326941   1.49334918  3.29323855 -4.82557806 -6.68816074
 -3.69755592 -1.06356136 -4.22882797 -7.53092764]_[ 4.86432421  0.40003579  7.01665429  1.8754915  -5.99050096  3.71973561
  8.46229537 -2.35445283  0.42648314  7.67170456] 

Mean Previous Drone Positions [-1.83933002 -1.83933002 -1.83933002 -1.83933002 -1.83933002 -1.83933002
 -1.83933002 -1.83933002 -1.83933002 -1.83933002]_[2.60917707 2.60917707 2.60917707 2.60917707 2.60917707 2.60917707
 2.60917707 2.60917707 2.60917707 2.60917707] 

relative Drone Positions [ 18.9  14.7  10.5   6.3   2.1  -2.1  -6.3 -10.5 -14.7 -18.9]_[-0. -0. -0. -0.  0.  0.  0.  0.  0.  0.] 

current starting Drone Positions [ 17.06066998  12.86066998   8.66066998   4.46066998   0.26066998
  -3.93933002  -8.13933002 -12.33933002 -16.53933002 -20.73933002]_[2.60917707 2.60917707 2.60917707 2.60917707 2.60917707 2.60917707
 2.60917707 2.60917707 2.60917707 2.60917707] 

scanning direction vector [0. 0. 0. 0. 0. 0. 0. 0. 0. 0.]_[2. 2. 2. 2. 2. 2. 2. 2. 2. 2.] 

changing back speed 0.3 

velocity vector [ 5.77159211  1.74839276  2.15019624  0.35022943  1.52587441  0.82464921
 -1.33253223 -3.3827306  -3.69315062 -3.96252071]_[1.32345586 2.66274238 0.67775683 2.22010567 4.57990341 1.66683244
 0.24406451 3.48908897 2.65480818 0.48124175] 

Moving Straight [  3.59362173   8.78108686   3.64354542   3.64346798  -3.29970365
  -5.86351152  -5.03008815  -4.44629196  -7.92197858 -11.49344836]_[ 6.18778007  3.06277817  7.69441112  4.09559717 -1.41059755  5.38656805
  8.70635988  1.13463614  3.08129132  8.15294631] 

drones next lat [48.33589195 48.33586425 48.33590551 48.33587313 48.33582305 48.335884
 48.33591393 48.33584586 48.3358631  48.33590844] drones next lon [14.32669175 14.32676212 14.32669225 14.32669267 14.32659965 14.32656425
 14.3265751  14.32658387 14.32653675 14.32648796] 
WayPoint_Count 42 

Leader Index 5 

Leader Contour 87.5 

Contour Threshold 90 

Previous Drone Positions [  3.59362173   8.78108686   3.64354542   3.64346798  -3.29970365
  -5.86351152  -5.03008815  -4.44629196  -7.92197858 -11.49344836]_[ 6.18778007  3.06277817  7.69441112  4.09559717 -1.41059755  5.38656805
  8.70635988  1.13463614  3.08129132  8.15294631] 

Mean Previous Drone Positions [-1.83933002 -1.83933002 -1.83933002 -1.83933002 -1.83933002 -1.83933002
 -1.83933002 -1.83933002 -1.83933002 -1.83933002]_[4.60917707 4.60917707 4.60917707 4.60917707 4.60917707 4.60917707
 4.60917707 4.60917707 4.60917707 4.60917707] 

relative Drone Positions [ 18.9  14.7  10.5   6.3   2.1  -2.1  -6.3 -10.5 -14.7 -18.9]_[-0. -0. -0. -0.  0.  0.  0.  0.  0.  0.] 

current starting Drone Positions [ 17.06066998  12.86066998   8.66066998   4.46066998   0.26066998
  -3.93933002  -8.13933002 -12.33933002 -16.53933002 -20.73933002]_[4.60917707 4.60917707 4.60917707 4.60917707 4.60917707 4.60917707
 4.60917707 4.60917707 4.60917707 4.60917707] 

scanning direction vector [0. 0. 0. 0. 0. 0. 0. 0. 0. 0.]_[2. 2. 2. 2. 2. 2. 2. 2. 2. 2.] 

changing back speed 0.3 

velocity vector [ 4.04011447  1.22387493  1.50513737  0.2451606   1.06811209  0.57725445
 -0.93277256 -2.36791142 -2.58520543 -2.7737645 ]_[1.5264191  2.46391967 1.07442978 2.15407397 3.80593239 1.76678271
 0.77084516 3.04236228 2.45836572 0.93686923] 

Moving Straight [  7.63373621  10.0049618    5.14868278   3.88862858  -2.23159156
  -5.28625707  -5.96286071  -6.81420338 -10.50718402 -14.26721286]_[7.71419917 5.52669784 8.76884091 6.24967114 2.39533483 7.15335076
 9.47720504 4.17699842 5.53965704 9.08981554] 

drones next lat [48.335906   48.33588651 48.33591529 48.33589253 48.33585737 48.33589994
 48.33592079 48.33587304 48.33588501 48.33591665] drones next lon [14.32674608 14.32677834 14.32671243 14.32669573 14.32661361 14.32657183
 14.32656242 14.32655156 14.32650158 14.32645042] 
WayPoint_Count 43 

Leader Index 5 

Leader Contour 59.5 

Contour Threshold 90 

Previous Drone Positions [  7.63373621  10.0049618    5.14868278   3.88862858  -2.23159156
  -5.28625707  -5.96286071  -6.81420338 -10.50718402 -14.26721286]_[7.71419917 5.52669784 8.76884091 6.24967114 2.39533483 7.15335076
 9.47720504 4.17699842 5.53965704 9.08981554] 

Mean Previous Drone Positions [-1.83933002 -1.83933002 -1.83933002 -1.83933002 -1.83933002 -1.83933002
 -1.83933002 -1.83933002 -1.83933002 -1.83933002]_[6.60917707 6.60917707 6.60917707 6.60917707 6.60917707 6.60917707
 6.60917707 6.60917707 6.60917707 6.60917707] 

relative Drone Positions [ 18.9  14.7  10.5   6.3   2.1  -2.1  -6.3 -10.5 -14.7 -18.9]_[-0. -0. -0. -0.  0.  0.  0.  0.  0.  0.] 

current starting Drone Positions [ 17.06066998  12.86066998   8.66066998   4.46066998   0.26066998
  -3.93933002  -8.13933002 -12.33933002 -16.53933002 -20.73933002]_[6.60917707 6.60917707 6.60917707 6.60917707 6.60917707 6.60917707
 6.60917707 6.60917707 6.60917707 6.60917707] 

scanning direction vector [0. 0. 0. 0. 0. 0. 0. 0. 0. 0.]_[2. 2. 2. 2. 2. 2. 2. 2. 2. 2.] 

changing back speed 0.3 

velocity vector [ 2.82808013  0.85671245  1.05359616  0.17161242  0.74767846  0.40407812
 -0.65294079 -1.65753799 -1.8096438  -1.94163515]_[1.66849337 2.32474377 1.35210085 2.10785178 3.26415267 1.83674789
 1.13959161 2.7296536  2.32085601 1.25580846] 

Moving Straight [ 10.46181634  10.86167425   6.20227894   4.060241    -1.4839131
  -4.88217896  -6.6158015   -8.47174137 -12.31682782 -16.20884801]_[ 9.38269254  7.85144161 10.12094175  8.35752292  5.6594875   8.99009865
 10.61679665  6.90665201  7.86051305 10.345624  ] 

drones next lat [48.33592124 48.33590749 48.33592754 48.33591151 48.3358868  48.33591649
 48.33593099 48.33589747 48.33590574 48.33592779] drones next lon [14.32678404 14.32678962 14.32672649 14.32669779 14.32662331 14.32657706
 14.32655348 14.32652888 14.32647688 14.32642408] 
WayPoint_Count 44 

Leader Index 4 

Leader Contour 83.0 

Contour Threshold 90 

Previous Drone Positions [ 10.46181634  10.86167425   6.20227894   4.060241    -1.4839131
  -4.88217896  -6.6158015   -8.47174137 -12.31682782 -16.20884801]_[ 9.38269254  7.85144161 10.12094175  8.35752292  5.6594875   8.99009865
 10.61679665  6.90665201  7.86051305 10.345624  ] 

Mean Previous Drone Positions [-1.83933002 -1.83933002 -1.83933002 -1.83933002 -1.83933002 -1.83933002
 -1.83933002 -1.83933002 -1.83933002 -1.83933002]_[8.60917707 8.60917707 8.60917707 8.60917707 8.60917707 8.60917707
 8.60917707 8.60917707 8.60917707 8.60917707] 

relative Drone Positions [ 18.9  14.7  10.5   6.3   2.1  -2.1  -6.3 -10.5 -14.7 -18.9]_[-0. -0. -0. -0.  0.  0.  0.  0.  0.  0.] 

current starting Drone Positions [ 17.06066998  12.86066998   8.66066998   4.46066998   0.26066998
  -3.93933002  -8.13933002 -12.33933002 -16.53933002 -20.73933002]_[8.60917707 8.60917707 8.60917707 8.60917707 8.60917707 8.60917707
 8.60917707 8.60917707 8.60917707 8.60917707] 

scanning direction vector [0. 0. 0. 0. 0. 0. 0. 0. 0. 0.]_[2. 2. 2. 2. 2. 2. 2. 2. 2. 2.] 

changing back speed 0.3 

velocity vector [ 1.97965609  0.59969872  0.73751731  0.12012869  0.52337492  0.28285468
 -0.45705856 -1.1602766  -1.26675066 -1.3591446 ]_[1.76794536 2.22732064 1.54647059 2.07549624 2.88490687 1.88572353
 1.39771413 2.51075752 2.22459921 1.47906592] 

Moving Straight [ 12.44147243  11.46137297   6.93979625   4.18036969  -0.96053818
  -4.59932428  -7.07286006  -9.63201797 -13.58357848 -17.56799261]_[11.1506379  10.07876225 11.66741235 10.43301916  8.54439437 10.87582217
 12.01451077  9.41740953 10.08511226 11.82468992] 

drones next lat [48.3359373  48.33592758 48.33594151 48.33593019 48.33591279 48.33593348
 48.33594353 48.33591996 48.33592566 48.33594099] drones next lon [14.32681055 14.32679745 14.32673625 14.32669917 14.32663003 14.32658066
 14.32654715 14.32651292 14.32645953 14.32640556] 
WayPoint_Count 45 

Leader Index 4 

Leader Contour 82.0 

Contour Threshold 90 

Previous Drone Positions [ 12.44147243  11.46137297   6.93979625   4.18036969  -0.96053818
  -4.59932428  -7.07286006  -9.63201797 -13.58357848 -17.56799261]_[11.1506379  10.07876225 11.66741235 10.43301916  8.54439437 10.87582217
 12.01451077  9.41740953 10.08511226 11.82468992] 

Mean Previous Drone Positions [-1.83933002 -1.83933002 -1.83933002 -1.83933002 -1.83933002 -1.83933002
 -1.83933002 -1.83933002 -1.83933002 -1.83933002]_[10.60917707 10.60917707 10.60917707 10.60917707 10.60917707 10.60917707
 10.60917707 10.60917707 10.60917707 10.60917707] 

relative Drone Positions [ 18.9  14.7  10.5   6.3   2.1  -2.1  -6.3 -10.5 -14.7 -18.9]_[-0. -0. -0. -0.  0.  0.  0.  0.  0.  0.] 

current starting Drone Positions [ 17.06066998  12.86066998   8.66066998   4.46066998   0.26066998
  -3.93933002  -8.13933002 -12.33933002 -16.53933002 -20.73933002]_[10.60917707 10.60917707 10.60917707 10.60917707 10.60917707 10.60917707
 10.60917707 10.60917707 10.60917707 10.60917707] 

scanning direction vector [0. 0. 0. 0. 0. 0. 0. 0. 0. 0.]_[2. 2. 2. 2. 2. 2. 2. 2. 2. 2.] 

changing back speed 0.3 

velocity vector [ 1.38575926  0.4197891   0.51626212  0.08409009  0.36636245  0.19799828
 -0.31994099 -0.81219362 -0.88672546 -0.95140122]_[1.83756175 2.15912445 1.68252942 2.05284737 2.61943481 1.92000647
 1.57839989 2.35753026 2.15721944 1.63534614] 

Moving Straight [ 13.82723169  11.88116207   7.45605837   4.26445978  -0.59417573
  -4.401326    -7.39280105 -10.44421158 -14.47030394 -18.51939383]_[12.98819965 12.23788669 13.34994176 12.48586654 11.16382918 12.79582864
 13.59291066 11.77493979 12.2423317  13.46003606] 

drones next lat [48.33595394 48.33594703 48.33595669 48.33594866 48.33593639 48.33595077
 48.3359577  48.3359411  48.33594499 48.33595563] drones next lon [14.32682903 14.32680286 14.32674302 14.32670006 14.32663466 14.3265831
 14.32654264 14.32650169 14.32644731 14.32639253] 
WayPoint_Count 46 

Leader Index 4 

Leader Contour 63.5 

Contour Threshold 90 

Previous Drone Positions [ 13.82723169  11.88116207   7.45605837   4.26445978  -0.59417573
  -4.401326    -7.39280105 -10.44421158 -14.47030394 -18.51939383]_[12.98819965 12.23788669 13.34994176 12.48586654 11.16382918 12.79582864
 13.59291066 11.77493979 12.2423317  13.46003606] 

Mean Previous Drone Positions [-1.83933002 -1.83933002 -1.83933002 -1.83933002 -1.83933002 -1.83933002
 -1.83933002 -1.83933002 -1.83933002 -1.83933002]_[12.60917707 12.60917707 12.60917707 12.60917707 12.60917707 12.60917707
 12.60917707 12.60917707 12.60917707 12.60917707] 

relative Drone Positions [ 18.9  14.7  10.5   6.3   2.1  -2.1  -6.3 -10.5 -14.7 -18.9]_[-0. -0. -0. -0.  0.  0.  0.  0.  0.  0.] 

current starting Drone Positions [ 17.06066998  12.86066998   8.66066998   4.46066998   0.26066998
  -3.93933002  -8.13933002 -12.33933002 -16.53933002 -20.73933002]_[12.60917707 12.60917707 12.60917707 12.60917707 12.60917707 12.60917707
 12.60917707 12.60917707 12.60917707 12.60917707] 

scanning direction vector [0. 0. 0. 0. 0. 0. 0. 0. 0. 0.]_[2. 2. 2. 2. 2. 2. 2. 2. 2. 2.] 

changing back speed 0.3 

velocity vector [ 0.97003149  0.29385237  0.36138348  0.05886306  0.25645371  0.13859879
 -0.22395869 -0.56853553 -0.62070782 -0.66598086]_[1.88629323 2.11138711 1.77777059 2.03699316 2.43360437 1.94400453
 1.70487992 2.25027118 2.11005361 1.7447423 ] 

Moving Straight [ 14.79726318  12.17501444   7.81744185   4.32332284  -0.33772202
  -4.26272721  -7.61675974 -11.01274712 -15.09101177 -19.18537469]_[14.87449287 14.34927381 15.12771236 14.5228597  13.59743355 14.73983317
 15.29779058 14.02521097 14.35238531 15.20477836] 

drones next lat [48.33597098 48.33596605 48.33597271 48.33596699 48.3359583  48.33596827
 48.33597302 48.3359613  48.33596392 48.33597127] drones next lon [14.32684189 14.32680657 14.32674769 14.32670061 14.32663783 14.32658474
 14.32653942 14.32649375 14.32643868 14.32638334] 
WayPoint_Count 47 

Leader Index 5 

Leader Contour 97.0 

Contour Threshold 90 

Converging Before Rutherford Scattering [ 13.65156958  11.09370408   6.64312184   3.25376636  -1.54226894
  -3.27641085  -4.81450788  -8.37436918 -12.12370225 -17.66768587]_[14.34051138 14.79307036 15.62917152 14.20533256 13.45801561 14.90469688
 15.52830086 13.47540591 14.67257054 14.2659612 ] 

Minimum Distance Within Rutherford Scattering 4.2 

Converging After Rutherford Scattering [ 14.81570993  11.0586278    6.90113371   3.35451415  -0.93956194
  -2.7654475   -5.92037483  -8.70223549 -12.72764737 -18.2315016 ]_[14.16274033 14.85468579 16.08470141 13.99103714 12.26940992 15.35740013
 16.59406921 12.85597571 14.86136398 14.24165321] 

drones next lat [48.33596458 48.33597051 48.33598125 48.33596213 48.3359463  48.33597394
 48.33598482 48.33595097 48.33596869 48.33596268] drones next lon [14.32684222 14.32679145 14.32673521 14.3266876  14.32662987 14.32660487
 14.32656215 14.32652506 14.32647051 14.32639632] 
WayPoint_Count 48 

Leader Index 3 

Leader Contour 60.0 

Contour Threshold 90 

Previous Drone Positions [ 14.81570993  11.0586278    6.90113371   3.35451415  -0.93956194
  -2.7654475   -5.92037483  -8.70223549 -12.72764737 -18.2315016 ]_[14.16274033 14.85468579 16.08470141 13.99103714 12.26940992 15.35740013
 16.59406921 12.85597571 14.86136398 14.24165321] 

Mean Previous Drone Positions [-1.31567831 -1.31567831 -1.31567831 -1.31567831 -1.31567831 -1.31567831
 -1.31567831 -1.31567831 -1.31567831 -1.31567831]_[14.52730368 14.52730368 14.52730368 14.52730368 14.52730368 14.52730368
 14.52730368 14.52730368 14.52730368 14.52730368] 

relative Drone Positions [ 18.9  14.7  10.5   6.3   2.1  -2.1  -6.3 -10.5 -14.7 -18.9]_[-0. -0. -0. -0.  0.  0.  0.  0.  0.  0.] 

current starting Drone Positions [ 17.58432169  13.38432169   9.18432169   4.98432169   0.78432169
  -3.41567831  -7.61567831 -11.81567831 -16.01567831 -20.21567831]_[14.52730368 14.52730368 14.52730368 14.52730368 14.52730368 14.52730368
 14.52730368 14.52730368 14.52730368 14.52730368] 

scanning direction vector [0. 0. 0. 0. 0. 0. 0. 0. 0. 0.]_[2. 2. 2. 2. 2. 2. 2. 2. 2. 2.] 

changing back speed 0.3 

velocity vector [ 0.83058353  0.69770817  0.68495639  0.48894226  0.51716509 -0.19506924
 -0.50859105 -0.93403285 -0.98640928 -0.59525301]_[2.10936901 1.90178537 1.53278068 2.16087996 2.67736813 1.75097106
 1.37997034 2.50139839 1.89978191 2.08569514] 

Moving Straight [ 15.64629346  11.75633597   7.5860901    3.84345641  -0.42239685
  -2.96051674  -6.42896587  -9.63626834 -13.71405665 -18.82675461]_[16.27210933 16.75647116 17.61748209 16.1519171  14.94677805 17.1083712
 17.97403955 15.3573741  16.76114589 16.32734835] 

drones next lat [48.33598362 48.33598767 48.33599509 48.33598161 48.33597043 48.33598968
 48.33599719 48.3359734  48.3359857  48.3359814 ] drones next lon [14.32685318 14.32680064 14.32674427 14.32669394 14.32663653 14.32660203
 14.32655513 14.32651216 14.32645698 14.32638804] 
WayPoint_Count 49 

Leader Index 5 

Leader Contour 54.5 

Contour Threshold 90 

Previous Drone Positions [ 15.64629346  11.75633597   7.5860901    3.84345641  -0.42239685
  -2.96051674  -6.42896587  -9.63626834 -13.71405665 -18.82675461]_[16.27210933 16.75647116 17.61748209 16.1519171  14.94677805 17.1083712
 17.97403955 15.3573741  16.76114589 16.32734835] 

Mean Previous Drone Positions [-1.31567831 -1.31567831 -1.31567831 -1.31567831 -1.31567831 -1.31567831
 -1.31567831 -1.31567831 -1.31567831 -1.31567831]_[16.52730368 16.52730368 16.52730368 16.52730368 16.52730368 16.52730368
 16.52730368 16.52730368 16.52730368 16.52730368] 

relative Drone Positions [ 18.9  14.7  10.5   6.3   2.1  -2.1  -6.3 -10.5 -14.7 -18.9]_[-0. -0. -0. -0.  0.  0.  0.  0.  0.  0.] 

current starting Drone Positions [ 17.58432169  13.38432169   9.18432169   4.98432169   0.78432169
  -3.41567831  -7.61567831 -11.81567831 -16.01567831 -20.21567831]_[16.52730368 16.52730368 16.52730368 16.52730368 16.52730368 16.52730368
 16.52730368 16.52730368 16.52730368 16.52730368] 

scanning direction vector [0. 0. 0. 0. 0. 0. 0. 0. 0. 0.]_[2. 2. 2. 2. 2. 2. 2. 2. 2. 2.] 

changing back speed 0.3 

velocity vector [ 0.58140847  0.48839572  0.47946948  0.34225958  0.36201556 -0.13654847
 -0.35601373 -0.65382299 -0.6904865  -0.41667711]_[2.0765583  1.93124976 1.67294648 2.11261597 2.47415769 1.82567975
 1.56597924 2.35097887 1.92984734 2.0599866 ] 

Moving Straight [ 16.22770193  12.24473168   8.06555958   4.18571599  -0.06038129
  -3.09706521  -6.7849796  -10.29009133 -14.40454315 -19.24343172]_[18.34866764 18.68772091 19.29042857 18.26453308 17.42093574 18.93405094
 19.54001879 17.70835298 18.69099323 18.38733495] 

drones next lat [48.33600235 48.33600508 48.33601018 48.33600064 48.33599272 48.33600609
 48.33601125 48.33599449 48.33600301 48.3359999 ] drones next lon [14.32686078 14.326807   14.32675054 14.32669831 14.32664112 14.32659997
 14.32655014 14.32650306 14.32644743 14.32638218] 
WayPoint_Count 50 

Leader Index 4 

Leader Contour 108.5 

Contour Threshold 90 

Converging Before Rutherford Scattering [ 14.82235113  11.08298556   5.17891711   3.09981788   0.30659055
  -0.48405328  -4.57700187  -7.73154205 -13.17411077 -16.48470763]_[17.42856766 19.04402078 19.1898377  18.35754327 18.35116779 17.47394209
 17.98511217 16.82324296 19.16244289 17.63825696] 

Minimum Distance Within Rutherford Scattering 4.2 

Converging After Rutherford Scattering [ 15.52656846  11.32763137   6.30598786   3.49051091   0.25276251
  -1.09135375  -4.87903603  -8.405494   -13.23922942 -17.24910129]_[17.20692094 19.24834096 19.84367731 17.69710672 19.80833839 15.95933054
 18.36079218 16.36540695 19.55286604 17.41135426] 

drones next lat [48.33599202 48.33601006 48.33601501 48.33599548 48.33601422 48.33597949
 48.33600079 48.33598256 48.33601085 48.33599127] drones next lon [14.32685145 14.32679456 14.32672673 14.326689   14.32664506 14.32662738
 14.32657599 14.32652865 14.32646305 14.3264092 ] 
WayPoint_Count 51 

Leader Index 4 

Leader Contour 56.0 

Contour Threshold 90 

Previous Drone Positions [ 15.52656846  11.32763137   6.30598786   3.49051091   0.25276251
  -1.09135375  -4.87903603  -8.405494   -13.23922942 -17.24910129]_[17.20692094 19.24834096 19.84367731 17.69710672 19.80833839 15.95933054
 18.36079218 16.36540695 19.55286604 17.41135426] 

Mean Previous Drone Positions [-0.79607534 -0.79607534 -0.79607534 -0.79607534 -0.79607534 -0.79607534
 -0.79607534 -0.79607534 -0.79607534 -0.79607534]_[18.14541343 18.14541343 18.14541343 18.14541343 18.14541343 18.14541343
 18.14541343 18.14541343 18.14541343 18.14541343] 

relative Drone Positions [ 18.9  14.7  10.5   6.3   2.1  -2.1  -6.3 -10.5 -14.7 -18.9]_[-0. -0. -0. -0.  0.  0.  0.  0.  0.  0.] 

current starting Drone Positions [ 18.10392466  13.90392466   9.70392466   5.50392466   1.30392466
  -2.89607534  -7.09607534 -11.29607534 -15.49607534 -19.69607534]_[18.14541343 18.14541343 18.14541343 18.14541343 18.14541343 18.14541343
 18.14541343 18.14541343 18.14541343 18.14541343] 

scanning direction vector [0. 0. 0. 0. 0. 0. 0. 0. 0. 0.]_[2. 2. 2. 2. 2. 2. 2. 2. 2. 2.] 

changing back speed 0.3 

velocity vector [ 0.77320686  0.77288799  1.01938104  0.60402412  0.31534865 -0.54141648
 -0.66511179 -0.8671744  -0.67705377 -0.73409221]_[2.28154775 1.66912174 1.49052084 2.13449201 1.50112251 2.65582487
 1.93538637 2.53400194 1.57776422 2.22021775] 

Moving Straight [ 16.29977532  12.10051936   7.3253689    4.09453504   0.56811116
  -1.63277023  -5.54414782  -9.2726684  -13.9162832  -17.9831935 ]_[19.48846868 20.9174627  21.33419815 19.83159873 21.3094609  18.61515541
 20.29617856 18.89940889 21.13063025 19.63157201] 

drones next lat [48.33601261 48.33602513 48.3360285  48.33601473 48.33602775 48.33600334
 48.33601815 48.33600529 48.33602499 48.33601119] drones next lon [14.32686162 14.32680479 14.32674031 14.3266969  14.32664914 14.32661976
 14.32656679 14.32651665 14.32645373 14.32639904] 
WayPoint_Count 52 

Leader Index 4 

Leader Contour 59.0 

Contour Threshold 90 

Previous Drone Positions [ 16.29977532  12.10051936   7.3253689    4.09453504   0.56811116
  -1.63277023  -5.54414782  -9.2726684  -13.9162832  -17.9831935 ]_[19.48846868 20.9174627  21.33419815 19.83159873 21.3094609  18.61515541
 20.29617856 18.89940889 21.13063025 19.63157201] 

Mean Previous Drone Positions [-0.79607534 -0.79607534 -0.79607534 -0.79607534 -0.79607534 -0.79607534
 -0.79607534 -0.79607534 -0.79607534 -0.79607534]_[20.14541343 20.14541343 20.14541343 20.14541343 20.14541343 20.14541343
 20.14541343 20.14541343 20.14541343 20.14541343] 

relative Drone Positions [ 18.9  14.7  10.5   6.3   2.1  -2.1  -6.3 -10.5 -14.7 -18.9]_[-0. -0. -0. -0.  0.  0.  0.  0.  0.  0.] 

current starting Drone Positions [ 18.10392466  13.90392466   9.70392466   5.50392466   1.30392466
  -2.89607534  -7.09607534 -11.29607534 -15.49607534 -19.69607534]_[20.14541343 20.14541343 20.14541343 20.14541343 20.14541343 20.14541343
 20.14541343 20.14541343 20.14541343 20.14541343] 

scanning direction vector [0. 0. 0. 0. 0. 0. 0. 0. 0. 0.]_[2. 2. 2. 2. 2. 2. 2. 2. 2. 2.] 

changing back speed 0.3 

velocity vector [ 0.5412448   0.54102159  0.71356673  0.42281689  0.22074405 -0.37899153
 -0.46557826 -0.60702208 -0.47393764 -0.51386455]_[2.19708342 1.76838522 1.64336458 2.09414441 1.65078576 2.45907741
 1.95477046 2.37380136 1.70443495 2.15415243] 

Moving Straight [ 16.84102012  12.64154095   8.03893563   4.51735193   0.78885521
  -2.01176176  -6.00972607  -9.87969048 -14.39022084 -18.49705805]_[21.68555211 22.68584792 22.97756273 21.92574314 22.96024666 21.07423281
 22.25094902 21.27321025 22.83506521 21.78572443] 

drones next lat [48.33603242 48.33604108 48.33604334 48.3360336  48.33604262 48.33602543
 48.3360357  48.3360266  48.33604029 48.33603053] drones next lon [14.32686866 14.32681188 14.32674974 14.32670235 14.32665192 14.32661436
 14.32656028 14.32650818 14.32644713 14.32639185] 
WayPoint_Count 53 

Leader Index 4 

Leader Contour 83.5 

Contour Threshold 90 

Previous Drone Positions [ 16.84102012  12.64154095   8.03893563   4.51735193   0.78885521
  -2.01176176  -6.00972607  -9.87969048 -14.39022084 -18.49705805]_[21.68555211 22.68584792 22.97756273 21.92574314 22.96024666 21.07423281
 22.25094902 21.27321025 22.83506521 21.78572443] 

Mean Previous Drone Positions [-0.79607534 -0.79607534 -0.79607534 -0.79607534 -0.79607534 -0.79607534
 -0.79607534 -0.79607534 -0.79607534 -0.79607534]_[22.14541343 22.14541343 22.14541343 22.14541343 22.14541343 22.14541343
 22.14541343 22.14541343 22.14541343 22.14541343] 

relative Drone Positions [ 18.9  14.7  10.5   6.3   2.1  -2.1  -6.3 -10.5 -14.7 -18.9]_[-0. -0. -0. -0.  0.  0.  0.  0.  0.  0.] 

current starting Drone Positions [ 18.10392466  13.90392466   9.70392466   5.50392466   1.30392466
  -2.89607534  -7.09607534 -11.29607534 -15.49607534 -19.69607534]_[22.14541343 22.14541343 22.14541343 22.14541343 22.14541343 22.14541343
 22.14541343 22.14541343 22.14541343 22.14541343] 

scanning direction vector [0. 0. 0. 0. 0. 0. 0. 0. 0. 0.]_[2. 2. 2. 2. 2. 2. 2. 2. 2. 2.] 

changing back speed 0.3 

velocity vector [ 0.37887136  0.37871511  0.49949671  0.29597182  0.15452084 -0.26529407
 -0.32590478 -0.42491546 -0.33175635 -0.35970519]_[2.1379584  1.83786965 1.75035521 2.06590109 1.75555003 2.32135418
 1.96833932 2.26166095 1.79310447 2.1079067 ] 

Moving Straight [ 17.21989149  13.02025606   8.53843234   4.81332375   0.94337604
  -2.27705583  -6.33563085 -10.30460594 -14.72197719 -18.85676324]_[23.8235105  24.52371757 24.72791794 23.99164423 24.71579669 23.395587
 24.21928834 23.5348712  24.62816967 23.89363113] 

drones next lat [48.33605168 48.33605765 48.33605913 48.33605221 48.33605842 48.33604629
 48.33605338 48.33604691 48.3360564  48.33604946] drones next lon [14.32687352 14.32681677 14.32675628 14.3267061  14.3266538  14.32661051
 14.32655565 14.32650218 14.32644245 14.32638674] 
WayPoint_Count 54 

Leader Index 4 

Leader Contour 88.0 

Contour Threshold 90 

Previous Drone Positions [ 17.21989149  13.02025606   8.53843234   4.81332375   0.94337604
  -2.27705583  -6.33563085 -10.30460594 -14.72197719 -18.85676324]_[23.8235105  24.52371757 24.72791794 23.99164423 24.71579669 23.395587
 24.21928834 23.5348712  24.62816967 23.89363113] 

Mean Previous Drone Positions [-0.79607534 -0.79607534 -0.79607534 -0.79607534 -0.79607534 -0.79607534
 -0.79607534 -0.79607534 -0.79607534 -0.79607534]_[24.14541343 24.14541343 24.14541343 24.14541343 24.14541343 24.14541343
 24.14541343 24.14541343 24.14541343 24.14541343] 

relative Drone Positions [ 18.9  14.7  10.5   6.3   2.1  -2.1  -6.3 -10.5 -14.7 -18.9]_[-0. -0. -0. -0.  0.  0.  0.  0.  0.  0.] 

current starting Drone Positions [ 18.10392466  13.90392466   9.70392466   5.50392466   1.30392466
  -2.89607534  -7.09607534 -11.29607534 -15.49607534 -19.69607534]_[24.14541343 24.14541343 24.14541343 24.14541343 24.14541343 24.14541343
 24.14541343 24.14541343 24.14541343 24.14541343] 

scanning direction vector [0. 0. 0. 0. 0. 0. 0. 0. 0. 0.]_[2. 2. 2. 2. 2. 2. 2. 2. 2. 2.] 

changing back speed 0.3 

velocity vector [ 0.26520995  0.26510058  0.3496477   0.20718027  0.10816459 -0.18570585
 -0.22813335 -0.29744082 -0.23222944 -0.25179363]_[2.09657088 1.88650876 1.82524865 2.04613076 1.82888502 2.22494793
 1.97783753 2.18316267 1.85517313 2.07553469] 

Moving Straight [ 17.48510144  13.28535664   8.88808004   5.02050402   1.05154063
  -2.46276168  -6.5637642  -10.60204676 -14.95420663 -19.10855687]_[25.92008138 26.41022633 26.55316659 26.03777499 26.54468171 25.62053493
 26.19712587 25.71803387 26.4833428  25.96916582] 

drones next lat [48.33607056 48.33607464 48.33607558 48.33607064 48.33607488 48.33606629
 48.33607115 48.33606653 48.33607307 48.33606811] drones next lon [14.32687685 14.32682012 14.32676078 14.32670865 14.32665504 14.32660774
 14.32655233 14.3264979  14.32643909 14.3263831 ] 
WayPoint_Count 55 

Leader Index 4 

Leader Contour 74.0 

Contour Threshold 90 

Previous Drone Positions [ 17.48510144  13.28535664   8.88808004   5.02050402   1.05154063
  -2.46276168  -6.5637642  -10.60204676 -14.95420663 -19.10855687]_[25.92008138 26.41022633 26.55316659 26.03777499 26.54468171 25.62053493
 26.19712587 25.71803387 26.4833428  25.96916582] 

Mean Previous Drone Positions [-0.79607534 -0.79607534 -0.79607534 -0.79607534 -0.79607534 -0.79607534
 -0.79607534 -0.79607534 -0.79607534 -0.79607534]_[26.14541343 26.14541343 26.14541343 26.14541343 26.14541343 26.14541343
 26.14541343 26.14541343 26.14541343 26.14541343] 

relative Drone Positions [ 18.9  14.7  10.5   6.3   2.1  -2.1  -6.3 -10.5 -14.7 -18.9]_[-0. -0. -0. -0.  0.  0.  0.  0.  0.  0.] 

current starting Drone Positions [ 18.10392466  13.90392466   9.70392466   5.50392466   1.30392466
  -2.89607534  -7.09607534 -11.29607534 -15.49607534 -19.69607534]_[26.14541343 26.14541343 26.14541343 26.14541343 26.14541343 26.14541343
 26.14541343 26.14541343 26.14541343 26.14541343] 

scanning direction vector [0. 0. 0. 0. 0. 0. 0. 0. 0. 0.]_[2. 2. 2. 2. 2. 2. 2. 2. 2. 2.] 

changing back speed 0.3 

velocity vector [ 0.18564697  0.18557041  0.24475339  0.14502619  0.07571521 -0.1299941
 -0.15969334 -0.20820857 -0.16256061 -0.17625554]_[2.06759961 1.92055613 1.87767405 2.03229153 1.88021952 2.15746355
 1.98448627 2.12821387 1.89862119 2.05287428] 

Moving Straight [ 17.67074841  13.47092705   9.13283342   5.16553021   1.12725584
  -2.59275578  -6.72345754 -10.81025533 -15.11676724 -19.28481241]_[27.98768099 28.33078246 28.43084064 28.07006652 28.42490123 27.77799848
 28.18161213 27.84624774 28.38196399 28.0220401 ] 

drones next lat [48.33608918 48.33609193 48.33609249 48.33608893 48.3360918  48.33608569
 48.33608899 48.33608565 48.33609013 48.33608657] drones next lon [14.32687911 14.3268224  14.32676386 14.32671037 14.32665584 14.32660573
 14.32654994 14.32649484 14.32643667 14.32638048] 
WayPoint_Count 56 

Leader Index 3 

Leader Contour 95.5 

Contour Threshold 90 

Converging Before Rutherford Scattering [ 16.0466231   10.60368496   8.02180018   4.84908175   3.87210393
  -0.24574889  -4.80518414  -9.22558981 -12.773238   -16.47517826]_[27.07416879 27.77186348 28.72329915 29.01867622 27.5912756  28.79057463
 27.16618643 28.78402309 29.29026745 28.61289814] 

Minimum Distance Within Rutherford Scattering 4.2 

Converging After Rutherford Scattering [ 16.68665726  11.56934427   8.39277454   4.80792102   3.48205458
  -0.59316259  -4.91183241  -9.12940785 -13.12100832 -17.31498565]_[26.99357044 27.39378218 29.07247985 30.25516653 26.31886597 29.10346328
 26.78215543 28.85884388 29.54152112 28.5033843 ] 

drones next lat [48.33608016 48.33608335 48.3360982  48.33610856 48.33607304 48.33609777
 48.33607655 48.3360949  48.33610072 48.33609105] drones next lon [14.32686595 14.32679686 14.3267538  14.32670529 14.32668786 14.32663255
 14.32657455 14.3265174  14.32646346 14.326407  ] 
WayPoint_Count 57 

Leader Index 4 

Leader Contour 49.5 

Contour Threshold 90 

Previous Drone Positions [ 16.68665726  11.56934427   8.39277454   4.80792102   3.48205458
  -0.59316259  -4.91183241  -9.12940785 -13.12100832 -17.31498565]_[26.99357044 27.39378218 29.07247985 30.25516653 26.31886597 29.10346328
 26.78215543 28.85884388 29.54152112 28.5033843 ] 

Mean Previous Drone Positions [-0.01316452 -0.01316452 -0.01316452 -0.01316452 -0.01316452 -0.01316452
 -0.01316452 -0.01316452 -0.01316452 -0.01316452]_[28.2823233 28.2823233 28.2823233 28.2823233 28.2823233 28.2823233
 28.2823233 28.2823233 28.2823233 28.2823233] 

relative Drone Positions [ 18.9  14.7  10.5   6.3   2.1  -2.1  -6.3 -10.5 -14.7 -18.9]_[-0. -0. -0. -0.  0.  0.  0.  0.  0.  0.] 

current starting Drone Positions [ 18.88683548  14.68683548  10.48683548   6.28683548   2.08683548
  -2.11316452  -6.31316452 -10.51316452 -14.71316452 -18.91316452]_[28.2823233 28.2823233 28.2823233 28.2823233 28.2823233 28.2823233
 28.2823233 28.2823233 28.2823233 28.2823233] 

scanning direction vector [0. 0. 0. 0. 0. 0. 0. 0. 0. 0.]_[2. 2. 2. 2. 2. 2. 2. 2. 2. 2.] 

changing back speed 0.3 

velocity vector [ 0.66005347  0.93524736  0.62821828  0.44367434 -0.41856573 -0.45600058
 -0.42039963 -0.415127   -0.47764686 -0.47945366]_[2.38662586 2.26656234 1.76295303 1.40814703 2.5890372  1.753658
 2.45005036 1.82704383 1.62224065 1.9336817 ] 

Moving Straight [ 17.34671073  12.50459163   9.02099282   5.25159536   3.06348885
  -1.04916317  -5.33223204  -9.54453485 -13.59865518 -17.79443931]_[29.3801963  29.66034451 30.83543289 31.66331356 28.90790317 30.85712129
 29.23220579 30.68588771 31.16376177 30.437066  ] 

drones next lat [48.33610168 48.33610382 48.33611411 48.33612126 48.3360963  48.33611351
 48.33609855 48.3361113  48.33611528 48.33610841] drones next lon [14.32687457 14.32680921 14.32676206 14.32671111 14.32668191 14.32662619
 14.32656859 14.32651158 14.32645683 14.3264003 ] 
WayPoint_Count 58 

Leader Index 4 

Leader Contour 44.5 

Contour Threshold 90 

Previous Drone Positions [ 17.34671073  12.50459163   9.02099282   5.25159536   3.06348885
  -1.04916317  -5.33223204  -9.54453485 -13.59865518 -17.79443931]_[29.3801963  29.66034451 30.83543289 31.66331356 28.90790317 30.85712129
 29.23220579 30.68588771 31.16376177 30.437066  ] 

Mean Previous Drone Positions [-0.01316452 -0.01316452 -0.01316452 -0.01316452 -0.01316452 -0.01316452
 -0.01316452 -0.01316452 -0.01316452 -0.01316452]_[30.2823233 30.2823233 30.2823233 30.2823233 30.2823233 30.2823233
 30.2823233 30.2823233 30.2823233 30.2823233] 

relative Drone Positions [ 18.9  14.7  10.5   6.3   2.1  -2.1  -6.3 -10.5 -14.7 -18.9]_[-0. -0. -0. -0.  0.  0.  0.  0.  0.  0.] 

current starting Drone Positions [ 18.88683548  14.68683548  10.48683548   6.28683548   2.08683548
  -2.11316452  -6.31316452 -10.51316452 -14.71316452 -18.91316452]_[30.2823233 30.2823233 30.2823233 30.2823233 30.2823233 30.2823233
 30.2823233 30.2823233 30.2823233 30.2823233] 

scanning direction vector [0. 0. 0. 0. 0. 0. 0. 0. 0. 0.]_[2. 2. 2. 2. 2. 2. 2. 2. 2. 2.] 

changing back speed 0.3 

velocity vector [ 0.46203743  0.65467316  0.4397528   0.31057204 -0.29299601 -0.3192004
 -0.29427974 -0.2905889  -0.3343528  -0.33561756]_[2.2706381  2.18659364 1.83406712 1.58570292 2.41232604 1.8275606
 2.31503525 1.87893068 1.73556846 1.95357719] 

Moving Straight [ 17.80874815  13.15926479   9.46074562   5.5621674    2.77049284
  -1.36836357  -5.62651178  -9.83512375 -13.93300798 -18.13005687]_[31.6508344  31.84693815 32.66950001 33.24901648 31.32022921 32.68468189
 31.54724104 32.56481838 32.89933023 32.39064319] 

drones next lat [48.33612214 48.33612354 48.33613065 48.33613555 48.33611798 48.33612993
 48.33611936 48.33612818 48.33613087 48.33612596] drones next lon [14.32688054 14.32681778 14.32676778 14.32671511 14.32667767 14.32662167
 14.32656435 14.32650744 14.32645211 14.32639554] 
WayPoint_Count 59 

Leader Index 4 

Leader Contour 80.0 

Contour Threshold 90 

Previous Drone Positions [ 17.80874815  13.15926479   9.46074562   5.5621674    2.77049284
  -1.36836357  -5.62651178  -9.83512375 -13.93300798 -18.13005687]_[31.6508344  31.84693815 32.66950001 33.24901648 31.32022921 32.68468189
 31.54724104 32.56481838 32.89933023 32.39064319] 

Mean Previous Drone Positions [-0.01316452 -0.01316452 -0.01316452 -0.01316452 -0.01316452 -0.01316452
 -0.01316452 -0.01316452 -0.01316452 -0.01316452]_[32.2823233 32.2823233 32.2823233 32.2823233 32.2823233 32.2823233
 32.2823233 32.2823233 32.2823233 32.2823233] 

relative Drone Positions [ 18.9  14.7  10.5   6.3   2.1  -2.1  -6.3 -10.5 -14.7 -18.9]_[-0. -0. -0. -0.  0.  0.  0.  0.  0.  0.] 

current starting Drone Positions [ 18.88683548  14.68683548  10.48683548   6.28683548   2.08683548
  -2.11316452  -6.31316452 -10.51316452 -14.71316452 -18.91316452]_[32.2823233 32.2823233 32.2823233 32.2823233 32.2823233 32.2823233
 32.2823233 32.2823233 32.2823233 32.2823233] 

scanning direction vector [0. 0. 0. 0. 0. 0. 0. 0. 0. 0.]_[2. 2. 2. 2. 2. 2. 2. 2. 2. 2.] 

changing back speed 0.3 

velocity vector [ 0.3234262   0.45827121  0.30782696  0.21740043 -0.20509721 -0.22344028
 -0.20599582 -0.20341223 -0.23404696 -0.23493229]_[2.18944667 2.13061554 1.88384699 1.70999204 2.28862823 1.87929242
 2.22052468 1.91525147 1.81489792 1.96750403] 

Moving Straight [ 18.13217435  13.617536     9.76857258   5.77956782   2.56539563
  -1.59180386  -5.8325076  -10.03853598 -14.16705494 -18.36498917]_[33.84028107 33.97755369 34.553347   34.95900853 33.60885743 34.56397431
 33.76776572 34.48006986 34.71422815 34.35814722] 

drones next lat [48.33614186 48.33614274 48.33614762 48.33615095 48.33613855 48.33614682
 48.33613932 48.33614539 48.33614717 48.33614364] drones next lon [14.32688464 14.32682371 14.32677171 14.32671784 14.32667463 14.32661843
 14.3265613  14.32650447 14.32644874 14.32639214] 
WayPoint_Count 60 

Leader Index 4 

Leader Contour 72.5 

Contour Threshold 90 

Previous Drone Positions [ 18.13217435  13.617536     9.76857258   5.77956782   2.56539563
  -1.59180386  -5.8325076  -10.03853598 -14.16705494 -18.36498917]_[33.84028107 33.97755369 34.553347   34.95900853 33.60885743 34.56397431
 33.76776572 34.48006986 34.71422815 34.35814722] 

Mean Previous Drone Positions [-0.01316452 -0.01316452 -0.01316452 -0.01316452 -0.01316452 -0.01316452
 -0.01316452 -0.01316452 -0.01316452 -0.01316452]_[34.2823233 34.2823233 34.2823233 34.2823233 34.2823233 34.2823233
 34.2823233 34.2823233 34.2823233 34.2823233] 

relative Drone Positions [ 18.9  14.7  10.5   6.3   2.1  -2.1  -6.3 -10.5 -14.7 -18.9]_[-0. -0. -0. -0.  0.  0.  0.  0.  0.  0.] 

current starting Drone Positions [ 18.88683548  14.68683548  10.48683548   6.28683548   2.08683548
  -2.11316452  -6.31316452 -10.51316452 -14.71316452 -18.91316452]_[34.2823233 34.2823233 34.2823233 34.2823233 34.2823233 34.2823233
 34.2823233 34.2823233 34.2823233 34.2823233] 

scanning direction vector [0. 0. 0. 0. 0. 0. 0. 0. 0. 0.]_[2. 2. 2. 2. 2. 2. 2. 2. 2. 2.] 

changing back speed 0.3 

velocity vector [ 0.22639834  0.32078985  0.21547887  0.1521803  -0.14356804 -0.1564082
 -0.14419707 -0.14238856 -0.16383287 -0.16445261]_[2.13261267 2.09143088 1.91869289 1.79699443 2.20203976 1.9155047
 2.15436727 1.94067603 1.87042854 1.97725282] 

Moving Straight [ 18.35857269  13.93832584   9.98405145   5.93174812   2.42182759
  -1.74821205  -5.97670468 -10.18092454 -14.33088781 -18.52944177]_[35.97289374 36.06898458 36.47203989 36.75600296 35.81089719 36.47947901
 35.92213299 36.42074589 36.58465669 36.33540005] 

drones next lat [48.33616107 48.33616158 48.33616489 48.33616713 48.33615835 48.33616403
 48.33615869 48.33616284 48.33616399 48.33616141] drones next lon [14.32688744 14.32682779 14.32677439 14.32671968 14.32667243 14.32661609
 14.3265591  14.32650232 14.32644631 14.32638969] 
