WayPoint_Count 1 

Leader Index 4 

Leader Contour 82.5 

Contour Threshold 95 

Previous Drone Positions [ 18.9  14.7  10.5   6.3   2.1  -2.1  -6.3 -10.5 -14.7 -18.9]_[-12. -12. -12. -12. -12. -12. -12. -12. -12. -12.] 

Mean Previous Drone Positions [0. 0. 0. 0. 0. 0. 0. 0. 0. 0.]_[-12. -12. -12. -12. -12. -12. -12. -12. -12. -12.] 

relative Drone Positions [ 18.9  14.7  10.5   6.3   2.1  -2.1  -6.3 -10.5 -14.7 -18.9]_[-0. -0. -0. -0.  0.  0.  0.  0.  0.  0.] 

current starting Drone Positions [ 18.9  14.7  10.5   6.3   2.1  -2.1  -6.3 -10.5 -14.7 -18.9]_[-12. -12. -12. -12. -12. -12. -12. -12. -12. -12.] 

scanning direction vector [0. 0. 0. 0. 0. 0. 0. 0. 0. 0.]_[2. 2. 2. 2. 2. 2. 2. 2. 2. 2.] 

changing back speed 0.3 

velocity vector [0. 0. 0. 0. 0. 0. 0. 0. 0. 0.]_[2. 2. 2. 2. 2. 2. 2. 2. 2. 2.] 

Moving Straight [ 18.9  14.7  10.5   6.3   2.1  -2.1  -6.3 -10.5 -14.7 -18.9]_[-10. -10. -10. -10. -10. -10. -10. -10. -10. -10.] 

drones next lat [48.33574753 48.3357472  48.33574687 48.33574654 48.33574621 48.33574588
 48.33574554 48.33574521 48.33574488 48.33574455] drones next lon [14.32690019 14.32684352 14.32678686 14.32673019 14.32667352 14.32661685
 14.32656018 14.32650351 14.32644685 14.32639018] 
WayPoint_Count 2 

Leader Index 3 

Leader Contour 89.0 

Contour Threshold 95 

Previous Drone Positions [ 18.9  14.7  10.5   6.3   2.1  -2.1  -6.3 -10.5 -14.7 -18.9]_[-10. -10. -10. -10. -10. -10. -10. -10. -10. -10.] 

Mean Previous Drone Positions [0. 0. 0. 0. 0. 0. 0. 0. 0. 0.]_[-10. -10. -10. -10. -10. -10. -10. -10. -10. -10.] 

relative Drone Positions [ 18.9  14.7  10.5   6.3   2.1  -2.1  -6.3 -10.5 -14.7 -18.9]_[-0. -0. -0. -0.  0.  0.  0.  0.  0.  0.] 

current starting Drone Positions [ 18.9  14.7  10.5   6.3   2.1  -2.1  -6.3 -10.5 -14.7 -18.9]_[-10. -10. -10. -10. -10. -10. -10. -10. -10. -10.] 

scanning direction vector [0. 0. 0. 0. 0. 0. 0. 0. 0. 0.]_[2. 2. 2. 2. 2. 2. 2. 2. 2. 2.] 

changing back speed 0.3 

velocity vector [0. 0. 0. 0. 0. 0. 0. 0. 0. 0.]_[2. 2. 2. 2. 2. 2. 2. 2. 2. 2.] 

Moving Straight [ 18.9  14.7  10.5   6.3   2.1  -2.1  -6.3 -10.5 -14.7 -18.9]_[-8. -8. -8. -8. -8. -8. -8. -8. -8. -8.] 

drones next lat [48.33576553 48.33576519 48.33576486 48.33576453 48.3357642  48.33576387
 48.33576354 48.3357632  48.33576287 48.33576254] drones next lon [14.32689996 14.32684329 14.32678662 14.32672995 14.32667328 14.32661661
 14.32655994 14.32650328 14.32644661 14.32638994] 
WayPoint_Count 3 

Leader Index 3 

Leader Contour 57.5 

Contour Threshold 95 

Previous Drone Positions [ 18.9  14.7  10.5   6.3   2.1  -2.1  -6.3 -10.5 -14.7 -18.9]_[-8. -8. -8. -8. -8. -8. -8. -8. -8. -8.] 

Mean Previous Drone Positions [0. 0. 0. 0. 0. 0. 0. 0. 0. 0.]_[-8. -8. -8. -8. -8. -8. -8. -8. -8. -8.] 

relative Drone Positions [ 18.9  14.7  10.5   6.3   2.1  -2.1  -6.3 -10.5 -14.7 -18.9]_[-0. -0. -0. -0.  0.  0.  0.  0.  0.  0.] 

current starting Drone Positions [ 18.9  14.7  10.5   6.3   2.1  -2.1  -6.3 -10.5 -14.7 -18.9]_[-8. -8. -8. -8. -8. -8. -8. -8. -8. -8.] 

scanning direction vector [0. 0. 0. 0. 0. 0. 0. 0. 0. 0.]_[2. 2. 2. 2. 2. 2. 2. 2. 2. 2.] 

changing back speed 0.3 

velocity vector [0. 0. 0. 0. 0. 0. 0. 0. 0. 0.]_[2. 2. 2. 2. 2. 2. 2. 2. 2. 2.] 

Moving Straight [ 18.9  14.7  10.5   6.3   2.1  -2.1  -6.3 -10.5 -14.7 -18.9]_[-6. -6. -6. -6. -6. -6. -6. -6. -6. -6.] 

drones next lat [48.33578352 48.33578319 48.33578286 48.33578252 48.33578219 48.33578186
 48.33578153 48.3357812  48.33578086 48.33578053] drones next lon [14.32689972 14.32684305 14.32678638 14.32672971 14.32667304 14.32661638
 14.32655971 14.32650304 14.32644637 14.3263897 ] 
WayPoint_Count 4 

Leader Index 6 

Leader Contour 97.0 

Contour Threshold 95 

Converging Before Rutherford Scattering [ 16.18687167  12.42651291   8.96201993   3.61966894   1.08725485
  -4.77302648  -7.04044382  -9.48389624 -12.9945605  -16.70176279]_[-6.70103351 -5.03812433 -5.11313046 -5.26709506 -5.84085268 -5.26038162
 -6.67211825 -6.17874054 -6.95563283 -5.01984593] 

Minimum Distance Within Rutherford Scattering 4.2 

Converging After Rutherford Scattering [ 16.90581495  12.89214947   8.84677946   4.19615623   0.62976776
  -4.23009535  -6.79711082 -10.04788132 -13.64310248 -17.46383944]_[-6.95088283 -4.78987309 -5.08558907 -5.04041683 -6.10984648 -4.57678648
 -7.57041585 -5.74834628 -7.43509008 -4.73970821] 

drones next lat [48.33577481 48.33579393 48.33579095 48.33579099 48.33578109 48.3357945
 48.33576736 48.3357835  48.33576804 48.33579198] drones next lon [14.32687292 14.32681851 14.32676397 14.32670121 14.32665322 14.32658747
 14.32655319 14.32650911 14.3264608  14.32640893] 
WayPoint_Count 5 

Leader Index 5 

Leader Contour 194.5 

Contour Threshold 95 

Converging Before Rutherford Scattering [ 15.87730345  10.9490533    5.97706805   3.1980594   -0.46427819
  -3.86391027  -6.4228856   -7.15799034 -11.86386488 -14.84716065]_[-7.01107724 -3.76659651 -4.51694431 -4.88327815 -4.92632695 -5.50732852
 -5.6787485  -4.98406959 -5.8630646  -3.92799177] 

Minimum Distance Within Rutherford Scattering 4.2 

Converging After Rutherford Scattering [ 16.32045594  11.43981556   6.78101397   3.29620976  -0.20478103
  -3.45742172  -6.55913307  -8.19472719 -12.32123019 -15.71880777]_[-7.1935622  -3.52194802 -4.40137229 -5.02025097 -4.69462512 -5.50589735
 -7.23517995 -3.58695477 -6.3604651  -3.54517036] 

drones next lat [48.33577258 48.33580522 48.33579694 48.3357911  48.33579375 48.3357862
 48.3357704  48.33580309 48.33577781 48.33580287] drones next lon [14.32686506 14.32679877 14.32673601 14.32668907 14.32664179 14.326598
 14.32655636 14.32653386 14.32647851 14.32643233] 
WayPoint_Count 6 

Leader Index 3 

Leader Contour 197.5 

Contour Threshold 95 

Converging Before Rutherford Scattering [ 15.33484955   8.67334329   5.2838189    2.52974626   0.79697668
  -2.12149791  -5.40364525  -5.94531408  -9.35302658 -14.36834013]_[-7.02437773 -4.48452763 -5.63268985 -5.66253883 -5.02336627 -4.61024149
 -7.40213986 -4.79880752 -5.96958539 -2.93444349] 

Minimum Distance Within Rutherford Scattering 4.2 

Converging After Rutherford Scattering [ 15.77207248   9.60963049   6.21793006   2.98920208   0.63808548
  -2.56630433  -5.50351215  -6.47441348 -10.31718925 -14.93859066]_[-7.12686797 -4.08002245 -5.84595794 -6.56137362 -4.35151272 -4.06413545
 -8.65053829 -3.91733733 -6.24060996 -2.70436234] 

drones next lat [48.33577313 48.33580006 48.3357839  48.33577721 48.33579691 48.33579924
 48.33575775 48.33580025 48.33577905 48.33581049] drones next lon [14.32685765 14.32677414 14.32672859 14.32668511 14.32665312 14.32660986
 14.32657077 14.32655711 14.32650553 14.32644276] 
WayPoint_Count 7 

Leader Index 4 

Leader Contour 139.5 

Contour Threshold 95 

Converging Before Rutherford Scattering [ 14.80466117   7.68357282   4.05584414   0.82254833  -0.34280001
  -0.71521798  -4.30291498  -5.39055091  -7.62646634 -12.00827467]_[-6.7453087  -3.14318734 -4.35538722 -4.48674927 -4.54609854 -3.25276206
 -6.60459596 -4.44845037 -5.20658055 -3.25195729] 

Minimum Distance Within Rutherford Scattering 4.2 

Converging After Rutherford Scattering [ 15.19150588   8.65446171   5.18434113   2.01052876  -1.05360075
  -1.03897476  -4.49953996  -5.67796456  -8.92576467 -12.86459121]_[-6.85862975 -2.74930871 -4.53288599 -4.65954124 -5.82566269 -1.24756355
 -8.09801817 -3.42439111 -5.67585063 -2.96922546] 

drones next lat [48.3357755  48.33581195 48.33579563 48.33579424 48.33578351 48.3358247
 48.3357628  48.33580475 48.33578424 48.33580827] drones next lon [14.32684978 14.3267611  14.32671449 14.32667168 14.32663047 14.32663013
 14.32658425 14.3265678  14.32652424 14.32647078] 
WayPoint_Count 8 

Leader Index 3 

Leader Contour 134.0 

Contour Threshold 95 

Converging Before Rutherford Scattering [ 13.14563017   5.82148196   2.81779232   2.592837     0.25891535
   0.58852591  -2.81856007  -4.03287217  -7.72864362 -11.37952808]_[-7.52682431 -3.7146906  -3.68286461 -3.84657315 -4.28357685 -3.69435138
 -8.16011177 -4.68574666 -6.09831575 -2.330258  ] 

Minimum Distance Within Rutherford Scattering 4.2 

Converging After Rutherford Scattering [ 13.59182929   7.53520528   4.27793977   3.01007683  -0.68780531
   0.02934464  -3.06073367  -4.78240927  -8.63182799 -12.01604082]_[-7.68842919 -3.81142148 -1.73621073 -5.64804974 -5.58976039 -1.4245924
 -9.4571775  -4.15763262 -6.52841064 -1.98162838] 

drones next lat [48.33576791 48.33580231 48.33582072 48.33578543 48.33578566 48.33582319
 48.33575068 48.33579822 48.33577659 48.33581723] drones next lon [14.3268283  14.32674612 14.32670193 14.32668528 14.32663538 14.32664456
 14.32660382 14.32657997 14.32652831 14.32648211] 
WayPoint_Count 9 

Leader Index 5 

Leader Contour 79.5 

Contour Threshold 95 

Previous Drone Positions [ 13.59182929   7.53520528   4.27793977   3.01007683  -0.68780531
   0.02934464  -3.06073367  -4.78240927  -8.63182799 -12.01604082]_[-7.68842919 -3.81142148 -1.73621073 -5.64804974 -5.58976039 -1.4245924
 -9.4571775  -4.15763262 -6.52841064 -1.98162838] 

Mean Previous Drone Positions [-0.07344212 -0.07344212 -0.07344212 -0.07344212 -0.07344212 -0.07344212
 -0.07344212 -0.07344212 -0.07344212 -0.07344212]_[-4.80233131 -4.80233131 -4.80233131 -4.80233131 -4.80233131 -4.80233131
 -4.80233131 -4.80233131 -4.80233131 -4.80233131] 

relative Drone Positions [ 18.9  14.7  10.5   6.3   2.1  -2.1  -6.3 -10.5 -14.7 -18.9]_[-0. -0. -0. -0.  0.  0.  0.  0.  0.  0.] 

current starting Drone Positions [ 18.82655788  14.62655788  10.42655788   6.22655788   2.02655788
  -2.17344212  -6.37344212 -10.57344212 -14.77344212 -18.97344212]_[-4.80233131 -4.80233131 -4.80233131 -4.80233131 -4.80233131 -4.80233131
 -4.80233131 -4.80233131 -4.80233131 -4.80233131] 

scanning direction vector [0. 0. 0. 0. 0. 0. 0. 0. 0. 0.]_[2. 2. 2. 2. 2. 2. 2. 2. 2. 2.] 

changing back speed 0.3 

velocity vector [ 1.57041857  2.12740578  1.84458543  0.96494431  0.81430896 -0.66083603
 -0.99381254 -1.73730986 -1.84248424 -2.08722039]_[2.86582936 1.70272705 1.08016383 2.25371553 2.23622873 0.98667833
 3.39645386 1.8065904  2.5178238  1.15378912] 

Moving Straight [ 15.16224787   9.66261106   6.1225252    3.97502115   0.12650365
  -0.63149139  -4.0545462   -6.51971912 -10.47431223 -14.10326121]_[-4.82259983 -2.10869443 -0.6560469  -3.39433421 -3.35353167 -0.43791407
 -6.06072364 -2.35104223 -4.01058684 -0.82783926] 

drones next lat [48.33579382 48.3358178  48.33583058 48.33580578 48.33580584 48.33583201
 48.33578116 48.33581434 48.3357991  48.33582744] drones next lon [14.32684915 14.32677462 14.32672669 14.32669804 14.3266461  14.32663553
 14.32659001 14.32655631 14.32650315 14.32645381] 
WayPoint_Count 10 

Leader Index 5 

Leader Contour 241.0 

Contour Threshold 95 

Converging Before Rutherford Scattering [ 13.71948336   6.80662182   5.099993     1.36517285  -1.09066262
  -0.64261054  -4.00541435  -5.50719366  -9.22550057 -13.06827933]_[-5.1624662  -2.25985911 -0.37563253 -2.68995009 -0.71766848  0.56202411
 -4.21755044 -2.18978074 -4.10384308 -0.50473018] 

Minimum Distance Within Rutherford Scattering 4.2 

Converging After Rutherford Scattering [ 14.15246333   7.77634008   5.44894892   1.92130571  -1.56167488
  -0.3720861   -3.97716306  -6.26181748  -9.97719421 -13.69751236]_[-5.3129721  -2.84410244  0.55961987 -3.57081865 -1.08011872  2.47718202
 -5.48226079 -1.54241746 -4.64091158 -0.2226569 ] 

drones next lat [48.33578932 48.33581103 48.33584147 48.33580403 48.33582616 48.33585826
 48.33578637 48.33582163 48.33579346 48.33583292] drones next lon [14.32683558 14.32674926 14.32671745 14.32667035 14.32662306 14.32663869
 14.32659099 14.3265597  14.32650993 14.32645921] 
WayPoint_Count 11 

Leader Index 4 

Leader Contour 249.0 

Contour Threshold 95 

Converging Before Rutherford Scattering [ 13.12669883   5.14769071   2.63986613  -0.27385792  -1.74696163
  -1.60040122  -4.00206814  -5.26830312  -9.09840964 -11.31281936]_[-4.36822536 -1.72460189 -0.40339024 -3.230261   -2.06280322 -0.2240183
 -3.88958005 -1.42556615 -3.59248871 -1.28457219] 

Minimum Distance Within Rutherford Scattering 4.2 

Converging After Rutherford Scattering [ 13.52887956   6.36593904   3.17694879   0.89840729  -1.9292862
  -1.54527664  -4.54632694  -6.21441124  -9.76877246 -12.35466656]_[-4.4651996  -2.00984438  0.5039387  -4.67946539 -2.16885762  1.71708461
 -5.4002243  -0.57524015 -4.37037212 -0.75732686] 

drones next lat [48.3357969  48.33581842 48.33584079 48.33579398 48.33581634 48.33585133
 48.33578706 48.33583034 48.33579591 48.33582821] drones next lon [14.32682707 14.32673013 14.32668681 14.32665668 14.32661823 14.32662295
 14.3265833  14.32656022 14.32651271 14.32647739] 
WayPoint_Count 12 

Leader Index 5 

Leader Contour 187.5 

Contour Threshold 95 

Converging Before Rutherford Scattering [ 11.81776138   3.56716777   2.08503433   0.24518716  -0.90036998
  -0.5594038   -2.86988571  -5.20823969  -8.96182767 -11.10903734]_[-4.69654503 -1.01287763  0.46710679 -1.81299517 -0.73297687  1.8845801
 -3.99451022  0.92039233 -3.77969664  0.39921235] 

Minimum Distance Within Rutherford Scattering 4.2 

Converging After Rutherford Scattering [ 12.23688268   5.22840492   3.02108545   0.99270162  -1.80121984
  -0.76374596  -3.37920691  -6.00272844  -9.53910214 -11.88668492]_[-4.84649571 -1.63340281  1.67271179 -3.3379377  -0.53369334  3.63973676
 -5.19734974  1.51560944 -4.37049567  0.73300699] 

drones next lat [48.33579337 48.33582172 48.33585129 48.33580605 48.33583106 48.33586869
 48.33578898 48.33584916 48.33579593 48.33584166] drones next lon [14.32680968 14.32671474 14.32668456 14.32665779 14.32661976 14.32663326
 14.32659902 14.32656283 14.32651581 14.32648353] 
WayPoint_Count 13 

Leader Index 4 

Leader Contour 231.0 

Contour Threshold 95 

Converging Before Rutherford Scattering [11.28481764  2.86701746  2.20153303 -1.01960196 -2.79651486 -0.3400409
 -2.43497522 -3.56884888 -6.74799649 -9.14539612]_[-4.54001637 -2.24702501  0.8824823  -1.12164439 -0.43680258  1.27596147
 -4.2557807   1.41027222 -3.44419975  1.13732675] 

Minimum Distance Within Rutherford Scattering 4.2 

Converging After Rutherford Scattering [ 11.72846315   4.01622427   3.74302381  -0.23933447  -3.90195817
  -0.0664776   -2.54182711  -4.56541673  -7.75568278 -10.11702069]_[-4.68159442 -3.12213882  1.69595178 -1.93888309 -0.78433117  2.85547569
 -5.81157628  3.10038317 -4.15651522  1.50380233] 

drones next lat [48.33579481 48.33580823 48.33585155 48.33581854 48.33582864 48.33586168
 48.33578352 48.33586353 48.335798   48.33584873] drones next lon [14.3268028  14.32669856 14.3266943  14.326641   14.32659145 14.32664276
 14.32661039 14.32658203 14.32653985 14.32650732] 
WayPoint_Count 14 

Leader Index 4 

Leader Contour 156.5 

Contour Threshold 95 

Converging Before Rutherford Scattering [ 9.97149098  2.79854308  2.62061443 -2.64596439 -3.27626841 -1.04862995
 -2.35096746 -5.22374685 -5.27849608 -8.83818589]_[-5.18073007e+00 -1.84212679e+00  4.52945826e-01 -4.71086649e-01
 -4.25917415e-03  5.95332711e-01 -4.58196291e+00  1.22851502e+00
 -3.07417004e+00  1.13359536e-02] 

Minimum Distance Within Rutherford Scattering 4.2 

Converging After Rutherford Scattering [ 10.46145978   3.74609219   3.8761641   -1.79425074  -4.05517916
  -0.13866457  -2.06393206  -6.63856952  -6.41949079 -10.24523975]_[-5.38888342 -2.82780709  1.49244154 -1.85166936  0.89021339  2.10900404
 -6.14254196  2.92108669 -4.1114799   0.04342995] 

drones next lat [48.33578835 48.33581086 48.33584973 48.3358192  48.33584369 48.33585496
 48.33578058 48.33586176 48.33579851 48.33583558] drones next lon [14.32678579 14.32669488 14.32669612 14.32662001 14.32658918 14.32664188
 14.32661688 14.32655408 14.32655787 14.32650576] 
WayPoint_Count 15 

Leader Index 5 

Leader Contour 84.0 

Contour Threshold 95 

Previous Drone Positions [ 10.46145978   3.74609219   3.8761641   -1.79425074  -4.05517916
  -0.13866457  -2.06393206  -6.63856952  -6.41949079 -10.24523975]_[-5.38888342 -2.82780709  1.49244154 -1.85166936  0.89021339  2.10900404
 -6.14254196  2.92108669 -4.1114799   0.04342995] 

Mean Previous Drone Positions [-1.32716105 -1.32716105 -1.32716105 -1.32716105 -1.32716105 -1.32716105
 -1.32716105 -1.32716105 -1.32716105 -1.32716105]_[-1.28662061 -1.28662061 -1.28662061 -1.28662061 -1.28662061 -1.28662061
 -1.28662061 -1.28662061 -1.28662061 -1.28662061] 

relative Drone Positions [ 18.9  14.7  10.5   6.3   2.1  -2.1  -6.3 -10.5 -14.7 -18.9]_[-0. -0. -0. -0.  0.  0.  0.  0.  0.  0.] 

current starting Drone Positions [ 17.57283895  13.37283895   9.17283895   4.97283895   0.77283895
  -3.42716105  -7.62716105 -11.82716105 -16.02716105 -20.22716105]_[-1.28662061 -1.28662061 -1.28662061 -1.28662061 -1.28662061 -1.28662061
 -1.28662061 -1.28662061 -1.28662061 -1.28662061] 

scanning direction vector [0. 0. 0. 0. 0. 0. 0. 0. 0. 0.]_[2. 2. 2. 2. 2. 2. 2. 2. 2. 2.] 

changing back speed 0.3 

velocity vector [ 2.13341375  2.88802403  1.58900245  2.03012691  1.44840543 -0.98654895
 -1.6689687  -1.55657746 -2.88230108 -2.99457639]_[3.23067884 2.46235594 1.16628136 2.16951462 1.3469498  0.98131261
 3.4567764  0.73768781 2.84745779 1.60098483] 

Moving Straight [ 12.59487353   6.63411622   5.46516656   0.23587616  -2.60677373
  -1.12521351  -3.73290076  -8.19514698  -9.30179187 -13.23981614]_[-2.15820458 -0.36545115  2.65872289  0.31784527  2.23716319  3.09031664
 -2.68576555  3.6587745  -1.26402211  1.64441478] 

drones next lat [48.33581758 48.33583324 48.33586035 48.33583888 48.33585592 48.33586371
 48.33581155 48.33586827 48.3358239  48.33584975] drones next lon [14.32681419 14.32673355 14.32671742 14.32664714 14.32660856 14.32662845
 14.32659395 14.32653299 14.32651865 14.32646517] 
WayPoint_Count 16 

Leader Index 4 

Leader Contour 275.5 

Contour Threshold 95 

Converging Before Rutherford Scattering [ 10.27109585   5.69767971   3.28719493  -0.55410785  -2.72208857
  -3.55869624  -3.8913312   -5.49738503  -7.83108257 -12.19521083]_[-0.68725405  0.32684958  1.57087495  1.93431769  3.23049218  2.80611328
 -1.53279553  2.5151899   0.61624355  1.45055254] 

Minimum Distance Within Rutherford Scattering 4.2 

Converging After Rutherford Scattering [ 11.09230078   6.59222932   3.7582397    0.15132404  -1.69134229
  -3.8665975   -3.88394959  -7.08350837  -8.8461414  -13.21648651]_[-0.86469794 -0.16858796  2.04984729  1.40183253  5.42688538  2.43633344
 -2.84541646  3.4806955  -0.21918345  1.53287576] 

drones next lat [48.3358291  48.33583501 48.33585474 48.33584863 48.33588469 48.33585761
 48.3358101  48.33586676 48.33583333 48.33584875] drones next lon [14.32679377 14.32673297 14.32669447 14.32664588 14.32662054 14.32659154
 14.32659193 14.32654801 14.32652467 14.32646549] 
WayPoint_Count 17 

Leader Index 4 

Leader Contour 247.5 

Contour Threshold 95 

Converging Before Rutherford Scattering [ 10.19682409   4.23714471   1.10664097  -0.25492915  -1.93826649
  -3.43945675  -2.51589024  -5.50676323  -6.66499846 -12.18805605]_[ 0.45646439  1.66724352  2.79586585  4.12493355  4.45785058  3.39150883
 -1.42973547  5.11220287  0.22823135  2.6725165 ] 

Minimum Distance Within Rutherford Scattering 4.2 

Converging After Rutherford Scattering [ 10.84079278   5.46111705   1.84907785   0.97813787  -2.33429473
  -4.1226652   -2.39486488  -6.75307966  -7.5425778  -12.94939393]_[ 0.32967221  1.3177145   1.87566528  5.39965057  6.14401123  2.58114742
 -2.58627849  6.22877354 -0.52257261  2.70929833] 

drones next lat [48.33583982 48.33584829 48.33585302 48.33588465 48.33589109 48.3358589
 48.33581255 48.3358915  48.33583071 48.33585935] drones next lon [14.32679023 14.32671753 14.32666873 14.32665656 14.32661178 14.32658807
 14.32661199 14.32655215 14.32654229 14.32646896] 
WayPoint_Count 18 

Leader Index 4 

Leader Contour 272.0 

Contour Threshold 95 

Converging Before Rutherford Scattering [  9.5674318    2.95078363  -0.45155573  -0.03626887  -3.21884127
  -2.54224805  -1.78253926  -4.78231891  -5.63033616 -12.03924536]_[ 0.30623546  2.95713841  3.73844758  5.48863501  6.61046317  3.63838174
 -1.38748671  7.1899992   1.78580307  3.4454628 ] 

Minimum Distance Within Rutherford Scattering 4.2 

Converging After Rutherford Scattering [ 10.11751456   4.31084824   0.33935893   1.16415694  -2.8993615
  -3.35903372  -1.70816784  -6.44175406  -6.74278691 -12.74591284]_[ 0.12742373  2.65406376  2.81606087  7.02916591  7.74349961  3.17116332
 -2.56607675  8.34812855  1.02371144  3.42593929] 

drones next lat [48.33583795 48.33586022 48.33586136 48.33589933 48.33590543 48.33586426
 48.33581278 48.33591059 48.33584468 48.33586582] drones next lon [14.3267805  14.32670185 14.32664825 14.32665887 14.32660396 14.3265983
 14.32662126 14.3265561  14.3265529  14.32647162] 
WayPoint_Count 19 

Leader Index 4 

Leader Contour 250.0 

Contour Threshold 95 

Converging Before Rutherford Scattering [  7.69281099   2.38428938  -0.98126921  -0.15229925  -2.23283768
  -3.52063295  -2.10322837  -3.79975944  -5.91187515 -10.14059695]_[0.42179019 4.7636433  5.46238635 6.6183748  8.48898335 6.09344339
 0.4069147  7.26972342 1.77302146 4.86268632] 

Minimum Distance Within Rutherford Scattering 4.2 

Converging After Rutherford Scattering [  8.26515409   3.85007763  -0.65367494   1.30784626  -1.87969373
  -4.43169295  -1.86334021  -5.49080368  -6.75576911 -11.113502  ]_[ 0.09933474  4.37456701  4.28343695  7.91559731 10.53947023  5.1444524
 -0.80291598  8.77009563  0.90969061  4.92723837] 

drones next lat [48.33583755 48.33587566 48.33587448 48.33590731 48.33593067 48.33588193
 48.33582863 48.33591446 48.33584365 48.33587945] drones next lon [14.32675551 14.32669543 14.32663467 14.32666071 14.32661739 14.3265836
 14.32661895 14.32656888 14.32655274 14.32649347] 
WayPoint_Count 20 

Leader Index 4 

Leader Contour 250.0 

Contour Threshold 95 

Converging Before Rutherford Scattering [ 6.34457476  1.8638829  -1.85637542 -0.9840279  -2.58116138 -4.04522045
 -0.91017847 -3.38323377 -5.08260814 -9.73107844]_[2.38367923 6.62045893 5.67098349 9.85067086 9.82676894 6.06904597
 1.49030079 8.699877   2.05555206 5.02086261] 

Minimum Distance Within Rutherford Scattering 4.2 

Converging After Rutherford Scattering [  7.05471685   3.13671659  -1.12619956   0.62409236  -3.07292991
  -5.29197279  -0.4392764   -4.70805393  -5.77476384 -10.76775569]_[ 2.05106236  6.68712011  5.1414285  10.88043486 12.1363614   5.51568277
  0.32475522  9.05878293  0.92221515  4.97035658] 

drones next lat [48.33585501 48.33589641 48.33588217 48.33593393 48.33594494 48.3358852
 48.33583889 48.33591712 48.33584384 48.33587987] drones next lon [14.32673894 14.32668553 14.3266282  14.32665113 14.3266011  14.32657194
 14.32663803 14.3265794  14.32656597 14.32649813] 
WayPoint_Count 21 

Leader Index 4 

Leader Contour 268.5 

Contour Threshold 95 

Converging Before Rutherford Scattering [  6.02086015   2.63182391  -2.61852204  -0.84561702  -2.12500425
  -5.12727126  -0.05381438  -4.52771989  -4.61612552 -10.26552227]_[ 4.38592693  7.94910833  6.77512959 10.61809174 12.4548531   6.52980827
  2.84815406 11.47717472  2.14294172  6.05815273] 

Minimum Distance Within Rutherford Scattering 4.2 

Converging After Rutherford Scattering [ 6.84908886e+00  3.57120919e+00 -2.20174067e+00 -5.01790022e-03
 -1.97236219e+00 -6.20315346e+00  4.30043045e-01 -5.71944722e+00
 -5.05925750e+00 -1.12162747e+01]_[ 4.02224788  8.10949344  6.54211313 10.85878198 14.20399029  6.40276204
  1.95985362 12.0856511   1.09330683  5.96114086] 

drones next lat [48.33587273 48.33590924 48.33589468 48.33593369 48.33596363 48.33589311
 48.33585367 48.33594427 48.33584544 48.33588874] drones next lon [14.32673593 14.32669122 14.32661352 14.32664265 14.32661571 14.32655955
 14.32664957 14.3265654  14.32657561 14.32649196] 
WayPoint_Count 22 

Leader Index 4 

Leader Contour 288.0 

Contour Threshold 95 

Converging Before Rutherford Scattering [  4.55927814   3.0201808   -3.02676616  -1.8188889   -2.96696853
  -4.69683265  -0.86112332  -4.71642041  -4.34383876 -10.50180482]_[ 5.73193162  8.9820358   8.07538693 11.98273764 14.3077121   8.99413512
  4.34551487 13.74469842  4.00647086  6.66427235] 

Minimum Distance Within Rutherford Scattering 4.2 

Converging After Rutherford Scattering [  5.48205289   3.79239373  -2.46319703  -0.97481264  -2.34856419
  -6.05898748  -0.26810734  -6.16573402  -5.02048483 -11.32774371]_[ 5.12813084  9.45432414  7.62394304 12.19152794 16.01176414  9.20983158
  3.37394072 14.41741811  2.95256212  6.47145307] 

drones next lat [48.33588257 48.33592135 48.33590439 48.3359456  48.33597986 48.33591838
 48.33586633 48.33596521 48.33586217 48.33589332] drones next lon [14.32671736 14.32669405 14.32660986 14.3266294  14.32661042 14.32656116
 14.32663998 14.3265591  14.32657591 14.32649039] 
WayPoint_Count 23 

Leader Index 4 

Leader Contour 271.5 

Contour Threshold 95 

Converging Before Rutherford Scattering [ 3.89453782  2.5291175  -3.04183107 -0.8224128  -1.95376329 -5.92981651
 -1.33391297 -3.65388784 -3.91333872 -9.04002217]_[ 7.65937125 11.90873235 10.41924787 13.5145468  15.09299744 10.40573465
  6.01895556 15.9338725   4.20400815  7.52893121] 

Minimum Distance Within Rutherford Scattering 4.2 

Converging After Rutherford Scattering [  4.77555994   3.76983838  -2.97593486  -0.03751437  -1.46674928
  -7.02487847  -0.7652439   -5.08424524  -4.42508366 -10.03107858]_[ 7.1119667  12.1273489  10.09095203 13.37867345 16.5571842  10.64781572
  5.39024226 17.17831365  3.10874672  7.09515413] 

drones next lat [48.33590036 48.3359454  48.33592655 48.33595635 48.33598484 48.33593124
 48.33588443 48.33599014 48.33586362 48.33589904] drones next lon [14.32670759 14.32669343 14.32660265 14.32664191 14.32662225 14.32654796
 14.32663304 14.32657337 14.32658393 14.32650781] 
WayPoint_Count 24 

Leader Index 4 

Leader Contour 242.0 

Contour Threshold 95 

Converging Before Rutherford Scattering [ 3.08209881  3.22625599 -2.88008129 -0.79502049 -1.17493567 -5.11777814
 -0.13799739 -2.32445403 -3.2061736  -7.82308854]_[ 9.58736314 13.23732999 11.10516247 14.20471915 17.51365941 11.26098159
  8.04474098 17.45472333  4.44794915  9.07823209] 

Minimum Distance Within Rutherford Scattering 4.2 

Converging After Rutherford Scattering [ 4.20783008  4.36163269 -2.6929737  -0.53109612  0.09145063 -6.35872874
  0.1361179  -3.91287442 -3.45159353 -9.00093913]_[ 9.02108162 13.73161595 10.77029167 14.43069896 18.83807954 11.6978917
  7.10799018 18.37546613  3.46176212  8.49998342] 

drones next lat [48.33591749 48.33595988 48.33593268 48.33596578 48.33600548 48.33594073
 48.33589996 48.336001   48.33586687 48.33591176] drones next lon [14.32669971 14.32670122 14.32660639 14.32663512 14.326643   14.32655682
 14.32664499 14.32658903 14.32659702 14.32652155] 
WayPoint_Count 25 

Leader Index 4 

Leader Contour 213.5 

Contour Threshold 95 

Converging Before Rutherford Scattering [ 4.42962711  3.92921346 -2.41905148 -0.27621605  0.35425331 -4.02831408
  1.07772286 -1.13230999 -3.91423323 -8.68003336]_[10.76745718 15.79172984 13.58643577 17.41073212 17.87322994 13.3249435
  8.79336488 17.99679019  4.99987259  9.98991343] 

Minimum Distance Within Rutherford Scattering 4.2 

Converging After Rutherford Scattering [ 5.36629799  5.10576295 -1.95329514 -0.27268231  1.94362555 -5.64030937
  1.17668893 -2.80707379 -4.11270236 -9.4656539 ]_[10.39028727 15.91682993 13.0494028  16.53154674 19.72065857 13.21232377
  7.98312619 19.70577853  4.31481864  9.709697  ] 

drones next lat [48.3359299  48.33597959 48.33595324 48.3359847  48.33601356 48.33595442
 48.33590791 48.33601305 48.33587449 48.3359226 ] drones next lon [14.32671517 14.326711   14.3266161  14.32663836 14.32666789 14.32656633
 14.32665893 14.32660379 14.326588   14.32651513] 
WayPoint_Count 26 

Leader Index 4 

Leader Contour 236.5 

Contour Threshold 95 

Converging Before Rutherford Scattering [ 5.08880831  2.9786284  -1.57446512  1.526882    2.89666948 -4.61435218
  0.44062338 -1.75881227 -2.38530138 -8.95579375]_[11.35643638 16.92578548 13.99971812 18.92673183 20.02349065 13.6440903
  9.47963875 19.40510225  6.08324094 10.91472172] 

Minimum Distance Within Rutherford Scattering 4.2 

Converging After Rutherford Scattering [ 5.91765774  4.03828205 -1.44857654  1.04932879  4.16178515 -5.57850678
  0.71064127 -2.82797243 -2.65880988 -9.72094249]_[10.96806816 16.36947953 13.88379648 19.29690877 21.53712227 13.68450494
  8.89714087 20.23786355  5.2436824  10.64038943] 

drones next lat [48.33593514 48.33598358 48.33596079 48.33600968 48.33603008 48.33595867
 48.3359161  48.33601784 48.33588296 48.33593096] drones next lon [14.32672254 14.32669655 14.32662281 14.32665587 14.3266976  14.32656711
 14.32665253 14.32660345 14.3266075  14.32651158] 
WayPoint_Count 27 

Leader Index 4 

Leader Contour 231.5 

Contour Threshold 95 

Converging Before Rutherford Scattering [ 4.62491097  4.40371816 -1.18713518  3.04977375  5.1392673  -4.49278286
  0.55046591 -0.01331881 -1.44229699 -8.34213029]_[12.67867558 17.42070094 15.88637483 21.39139493 21.32610419 14.05779573
 10.09982383 20.07390346  6.19264741 12.85616796] 

Minimum Distance Within Rutherford Scattering 4.2 

Converging After Rutherford Scattering [ 5.36301078  5.05101748 -1.27209986  2.7372465   6.60204088 -5.04592455
  0.66712335 -0.87920451 -1.65207003 -9.28066807]_[12.17800957 17.18165087 15.90250043 22.46819697 21.99539117 13.94593429
  9.6441282  20.65961879  5.36098946 12.64716912] 

drones next lat [48.33594598 48.33599097 48.33597896 48.33603834 48.33603439 48.33596106
 48.33592281 48.33602179 48.3358841  48.33594904] drones next lon [14.32671492 14.32671012 14.32662495 14.32667827 14.32673047 14.32657427
 14.32665186 14.32662969 14.32662107 14.32651728] 
WayPoint_Count 28 

Leader Index 4 

Leader Contour 255.0 

Contour Threshold 95 

Converging Before Rutherford Scattering [ 6.34019552  5.43919346  1.09304378  5.72164581  7.09449643 -4.31484308
  1.90633097  2.08963442 -0.51491359 -8.39586168]_[14.84916494 20.05959126 17.74798142 22.2653356  21.12505357 15.48809048
 12.37464739 21.00427342  6.18383689 13.1172145 ] 

Minimum Distance Within Rutherford Scattering 4.2 

Converging After Rutherford Scattering [ 7.06061548  5.47461535  0.53792405  5.66539293  9.05593311 -4.74428201
  1.88010534  1.19421483 -0.59746555 -9.06813153]_[14.23913931 19.34805402 17.4447552  24.08051025 21.35625901 15.57555226
 11.73251864 21.93267129  5.63306434 12.87266516] 

drones next lat [48.33596466 48.33601049 48.33599298 48.33605308 48.33602884 48.33597575
 48.3359417  48.3360334  48.33588663 48.33595109] drones next lon [14.32673758 14.32671557 14.32664919 14.32671759 14.32676366 14.32657814
 14.32666798 14.32665751 14.32663527 14.32652012] 
WayPoint_Count 29 

Leader Index 2 

Leader Contour 157.0 

Contour Threshold 95 

Converging Before Rutherford Scattering [ 4.81630043  3.2270292   1.01381112  5.30961548  7.15062187 -2.36719721
  0.92024229  1.82995317 -1.34230258 -7.94143555]_[16.01462323 17.7042114  16.56524881 22.99606693 19.52550231 15.37195478
 12.81485404 20.33336806  7.97534667 12.99822668] 

Minimum Distance Within Rutherford Scattering 4.2 

Converging After Rutherford Scattering [ 6.09499899  3.6981889   0.2865124   5.67072763  8.43271303 -3.54224834
  1.07083706  1.06931889 -1.51850931 -8.64590103]_[14.89488461 18.18369161 16.48828817 24.17452839 19.7836864  15.37058408
 11.77580116 21.63073122  7.15881044 12.83839682] 

drones next lat [48.33597048 48.33599988 48.33598435 48.33605392 48.33601464 48.335974
 48.33594202 48.33603068 48.33590028 48.33595081] drones next lon [14.32672447 14.32669174 14.32664591 14.32671765 14.32675544 14.32659439
 14.32665705 14.32665587 14.32662266 14.32652582] 
WayPoint_Count 30 

Leader Index 5 

Leader Contour 215.5 

Contour Threshold 95 

Converging Before Rutherford Scattering [ 4.74755908  0.84019355 -1.14775339  5.2164439   5.87577075 -3.01623827
 -0.98812506 -0.14599    -2.03931433 -5.97395113]_[14.23366095 17.34783086 15.05365415 22.66392375 19.82501425 14.52010574
 13.88164326 19.02089918  8.1016019  14.20163585] 

Minimum Distance Within Rutherford Scattering 4.2 

Converging After Rutherford Scattering [ 5.71018114  1.96076057 -1.23370112  5.47123923  6.85177972 -4.30736249
 -0.3052286  -0.86967872 -2.16710126 -7.74229339]_[13.62464627 17.59959509 15.86350255 23.85908157 19.75502583 14.29404575
 11.96292562 20.71816804  7.12688576 14.04609341] 

drones next lat [48.33595902 48.33599448 48.33597861 48.33605107 48.33601426 48.33596425
 48.3359436  48.33602231 48.33589994 48.33596175] drones next lon [14.32671943 14.32666837 14.32662547 14.32671499 14.32673411 14.32658419
 14.32663846 14.32662981 14.32661392 14.32653787] 
WayPoint_Count 31 

Leader Index 4 

Leader Contour 208.0 

Contour Threshold 95 

Converging Before Rutherford Scattering [ 7.07520551  4.36275474  1.15882406  5.44798121  7.66422484 -2.92641778
  0.57999439  0.70442535 -1.10880906 -4.98113495]_[15.63818021 19.226504   15.92374854 21.21299784 19.17198817 14.26356558
 12.5519985  19.55876154  9.74899592 14.33591536] 

Minimum Distance Within Rutherford Scattering 4.2 

Converging After Rutherford Scattering [ 7.87867558  4.32393117  1.20625496  5.83844921  9.12995448 -3.1505846
  1.15634447 -0.18790963 -1.46662817 -6.75143917]_[14.75437885 19.19307491 15.93707787 22.94636452 19.4332232  14.25946631
 11.72490946 20.59693398  8.4224684  14.36475819] 

drones next lat [48.33596936 48.33600901 48.33597947 48.33604289 48.33601155 48.33596403
 48.33594157 48.33602128 48.33591166 48.33596469] drones next lon [14.32674856 14.32670007 14.32665839 14.32672006 14.32676488 14.3265998
 14.32665821 14.32663902 14.32662321 14.3265512 ] 
WayPoint_Count 32 

Leader Index 4 

Leader Contour 231.0 

Contour Threshold 95 

Converging Before Rutherford Scattering [ 7.54339219  6.57987498  2.04075476  6.31036434  8.13031458 -0.55748217
  3.59412165  1.0717111   0.69110081 -3.93807192]_[16.1629238  18.32685837 16.84125301 21.93190251 19.40638875 14.37451737
 13.09737333 21.03786796 10.50050789 14.55396227] 

Minimum Distance Within Rutherford Scattering 4.2 

Converging After Rutherford Scattering [ 8.70342058  6.21344513  1.74231272  6.37711875  9.91403696 -1.15929849
  4.14012017  0.39400535  0.38887547 -5.2479563 ]_[15.02029129 18.45346562 17.17564315 23.37087914 20.1199898  14.10385106
 12.24293207 21.97686115  9.24472503 14.52491695] 

drones next lat [48.33597181 48.3360025  48.33599065 48.33604675 48.33601779 48.33596279
 48.33594647 48.33603374 48.3359192  48.33596625] drones next lon [14.32675965 14.32672565 14.32666547 14.32672728 14.32677538 14.32662669
 14.32669841 14.32664671 14.32664815 14.32657147] 
WayPoint_Count 33 

Leader Index 4 

Leader Contour 172.5 

Contour Threshold 95 

Converging Before Rutherford Scattering [ 9.49496506  8.19735728  4.62280029  6.85658065  9.35625219  0.40889713
  5.5483225   3.02402351  2.65612928 -3.071006  ]_[16.02209284 20.26177857 17.80666679 22.13525473 19.29000417 14.07669387
 14.83016416 22.3390274  11.06295985 16.17105771] 

Minimum Distance Within Rutherford Scattering 4.2 

Converging After Rutherford Scattering [10.48903964  8.31969667  4.00612361  6.7600808  11.35267772 -0.22870277
  5.76301176  2.09627571  2.59047781 -4.05435907]_[15.00575079 20.81493521 18.00152398 23.9509776  19.16421492 13.75835358
 13.90507922 23.1512586   9.88116307 16.36244312] 

drones next lat [48.33597182 48.33602391 48.33599826 48.336052   48.3360093  48.33595975
 48.33596155 48.33604444 48.3359251  48.33598288] drones next lon [14.32678375 14.32675379 14.32669592 14.32673237 14.32679491 14.32663928
 14.32672011 14.32666954 14.32667778 14.32658736] 
WayPoint_Count 34 

Leader Index 2 

Leader Contour 84.5 

Contour Threshold 95 

Previous Drone Positions [10.48903964  8.31969667  4.00612361  6.7600808  11.35267772 -0.22870277
  5.76301176  2.09627571  2.59047781 -4.05435907]_[15.00575079 20.81493521 18.00152398 23.9509776  19.16421492 13.75835358
 13.90507922 23.1512586   9.88116307 16.36244312] 

Mean Previous Drone Positions [4.70943219 4.70943219 4.70943219 4.70943219 4.70943219 4.70943219
 4.70943219 4.70943219 4.70943219 4.70943219]_[17.39957001 17.39957001 17.39957001 17.39957001 17.39957001 17.39957001
 17.39957001 17.39957001 17.39957001 17.39957001] 

relative Drone Positions [ 18.9  14.7  10.5   6.3   2.1  -2.1  -6.3 -10.5 -14.7 -18.9]_[-0. -0. -0. -0.  0.  0.  0.  0.  0.  0.] 

current starting Drone Positions [ 23.60943219  19.40943219  15.20943219  11.00943219   6.80943219
   2.60943219  -1.59056781  -5.79056781  -9.99056781 -14.19056781]_[17.39957001 17.39957001 17.39957001 17.39957001 17.39957001 17.39957001
 17.39957001 17.39957001 17.39957001 17.39957001] 

scanning direction vector [0. 0. 0. 0. 0. 0. 0. 0. 0. 0.]_[2. 2. 2. 2. 2. 2. 2. 2. 2. 2.] 

changing back speed 0.3 

velocity vector [ 3.93611777  3.32692066  3.36099257  1.27480542 -1.36297366  0.85144049
 -2.20607387 -2.36605306 -3.77431369 -3.04086262]_[2.71814576 0.97539044 1.81941381 0.03457772 1.47060653 3.09236493
 3.04834724 0.27449342 4.25552208 2.31113807] 

Moving Straight [14.4251574  11.64661733  7.36711618  8.03488622  9.98970406  0.62273772
  3.55693789 -0.26977735 -1.18383588 -7.09522169]_[17.72389656 21.79032565 19.82093779 23.98555533 20.63482145 16.85071851
 16.95342645 23.42575202 14.13668515 18.67358118] 

drones next lat [48.33599659 48.33603295 48.33601489 48.33605241 48.33602242 48.33598764
 48.3359888  48.33604672 48.33596308 48.33600343] drones next lon [14.32683653 14.32679856 14.32674105 14.32674957 14.32677634 14.32665041
 14.32668998 14.32663758 14.32662635 14.32654606] 
WayPoint_Count 35 

Leader Index 3 

Leader Contour 39.5 

Contour Threshold 95 

Previous Drone Positions [14.4251574  11.64661733  7.36711618  8.03488622  9.98970406  0.62273772
  3.55693789 -0.26977735 -1.18383588 -7.09522169]_[17.72389656 21.79032565 19.82093779 23.98555533 20.63482145 16.85071851
 16.95342645 23.42575202 14.13668515 18.67358118] 

Mean Previous Drone Positions [4.70943219 4.70943219 4.70943219 4.70943219 4.70943219 4.70943219
 4.70943219 4.70943219 4.70943219 4.70943219]_[19.39957001 19.39957001 19.39957001 19.39957001 19.39957001 19.39957001
 19.39957001 19.39957001 19.39957001 19.39957001] 

relative Drone Positions [ 18.9  14.7  10.5   6.3   2.1  -2.1  -6.3 -10.5 -14.7 -18.9]_[-0. -0. -0. -0.  0.  0.  0.  0.  0.  0.] 

current starting Drone Positions [ 23.60943219  19.40943219  15.20943219  11.00943219   6.80943219
   2.60943219  -1.59056781  -5.79056781  -9.99056781 -14.19056781]_[19.39957001 19.39957001 19.39957001 19.39957001 19.39957001 19.39957001
 19.39957001 19.39957001 19.39957001 19.39957001] 

scanning direction vector [0. 0. 0. 0. 0. 0. 0. 0. 0. 0.]_[2. 2. 2. 2. 2. 2. 2. 2. 2. 2.] 

changing back speed 0.3 

velocity vector [ 2.75528244  2.32884446  2.3526948   0.89236379 -0.95408156  0.59600834
 -1.54425171 -1.65623714 -2.64201958 -2.12860384]_[2.50270204 1.28277331 1.87358967 0.62420441 1.62942457 2.76465545
 2.73384307 0.7921454  3.57886546 2.21779665] 

Moving Straight [17.18043984 13.97546178  9.71981099  8.92725001  9.0356225   1.21874606
  2.01268618 -1.92601449 -3.82585546 -9.22382553]_[20.22659859 23.07309896 21.69452745 24.60975973 22.26424602 19.61537396
 19.68726952 24.21789742 17.71555061 20.89137783] 

drones next lat [48.33601932 48.33604467 48.33603193 48.3360581  48.33603701 48.33601256
 48.33601327 48.33605372 48.33599507 48.33602321] drones next lon [14.32687341 14.32682983 14.32677258 14.32676154 14.32676328 14.32665812
 14.32666882 14.32661514 14.32659028 14.32651707] 
WayPoint_Count 36 

Leader Index 3 

Leader Contour 87.5 

Contour Threshold 95 

Previous Drone Positions [17.18043984 13.97546178  9.71981099  8.92725001  9.0356225   1.21874606
  2.01268618 -1.92601449 -3.82585546 -9.22382553]_[20.22659859 23.07309896 21.69452745 24.60975973 22.26424602 19.61537396
 19.68726952 24.21789742 17.71555061 20.89137783] 

Mean Previous Drone Positions [4.70943219 4.70943219 4.70943219 4.70943219 4.70943219 4.70943219
 4.70943219 4.70943219 4.70943219 4.70943219]_[21.39957001 21.39957001 21.39957001 21.39957001 21.39957001 21.39957001
 21.39957001 21.39957001 21.39957001 21.39957001] 

relative Drone Positions [ 18.9  14.7  10.5   6.3   2.1  -2.1  -6.3 -10.5 -14.7 -18.9]_[-0. -0. -0. -0.  0.  0.  0.  0.  0.  0.] 

current starting Drone Positions [ 23.60943219  19.40943219  15.20943219  11.00943219   6.80943219
   2.60943219  -1.59056781  -5.79056781  -9.99056781 -14.19056781]_[21.39957001 21.39957001 21.39957001 21.39957001 21.39957001 21.39957001
 21.39957001 21.39957001 21.39957001 21.39957001] 

scanning direction vector [0. 0. 0. 0. 0. 0. 0. 0. 0. 0.]_[2. 2. 2. 2. 2. 2. 2. 2. 2. 2.] 

changing back speed 0.3 

velocity vector [ 1.9286977   1.63019112  1.64688636  0.62465465 -0.66785709  0.41720584
 -1.0809762  -1.159366   -1.84941371 -1.49002269]_[2.35189142 1.49794132 1.91151277 1.03694308 1.7405972  2.53525882
 2.51369015 1.15450178 3.10520582 2.15245765] 

Moving Straight [ 19.10913754  15.60565291  11.36669735   9.55190466   8.36776541
   1.6359519    0.93170998  -3.08538048  -5.67526917 -10.71384821]_[22.57849002 24.57104027 23.60604022 25.64670281 24.00484322 22.15063277
 22.20095967 25.3723992  20.82075643 23.04383549] 

drones next lat [48.33604063 48.33605828 48.33604926 48.33606748 48.33605261 48.3360354
 48.3360358  48.33606401 48.33602286 48.33604246] drones next lon [14.32689916 14.32685165 14.32679457 14.32676984 14.32675406 14.32666345
 14.32665394 14.32659936 14.32656496 14.32649671] 
WayPoint_Count 37 

Leader Index 4 

Leader Contour 88.0 

Contour Threshold 95 

Previous Drone Positions [ 19.10913754  15.60565291  11.36669735   9.55190466   8.36776541
   1.6359519    0.93170998  -3.08538048  -5.67526917 -10.71384821]_[22.57849002 24.57104027 23.60604022 25.64670281 24.00484322 22.15063277
 22.20095967 25.3723992  20.82075643 23.04383549] 

Mean Previous Drone Positions [4.70943219 4.70943219 4.70943219 4.70943219 4.70943219 4.70943219
 4.70943219 4.70943219 4.70943219 4.70943219]_[23.39957001 23.39957001 23.39957001 23.39957001 23.39957001 23.39957001
 23.39957001 23.39957001 23.39957001 23.39957001] 

relative Drone Positions [ 18.9  14.7  10.5   6.3   2.1  -2.1  -6.3 -10.5 -14.7 -18.9]_[-0. -0. -0. -0.  0.  0.  0.  0.  0.  0.] 

current starting Drone Positions [ 23.60943219  19.40943219  15.20943219  11.00943219   6.80943219
   2.60943219  -1.59056781  -5.79056781  -9.99056781 -14.19056781]_[23.39957001 23.39957001 23.39957001 23.39957001 23.39957001 23.39957001
 23.39957001 23.39957001 23.39957001 23.39957001] 

scanning direction vector [0. 0. 0. 0. 0. 0. 0. 0. 0. 0.]_[2. 2. 2. 2. 2. 2. 2. 2. 2. 2.] 

changing back speed 0.3 

velocity vector [ 1.35008839  1.14113378  1.15282045  0.43725826 -0.46749997  0.29204409
 -0.75668334 -0.8115562  -1.29458959 -1.04301588]_[2.246324   1.64855892 1.93805894 1.32586016 1.81841804 2.37468117
 2.3595831  1.40815124 2.77364407 2.10672036] 

Moving Straight [ 20.45922594  16.74678669  12.5195178    9.98916292   7.90026544
   1.92799598   0.17502664  -3.89693668  -6.96985876 -11.75686409]_[24.82481402 26.2195992  25.54409916 26.97256297 25.82326125 24.52531395
 24.56054277 26.78055044 23.5944005  25.15055584] 

drones next lat [48.33606094 48.3360732  48.33606679 48.33607944 48.33606893 48.33605679
 48.33605696 48.33607661 48.33604771 48.33606133] drones next lon [14.32691711 14.32686685 14.32680989 14.32677558 14.32674754 14.32666711
 14.32664345 14.32658825 14.32654716 14.32648239] 
WayPoint_Count 38 

Leader Index 4 

Leader Contour 50.0 

Contour Threshold 95 

Previous Drone Positions [ 20.45922594  16.74678669  12.5195178    9.98916292   7.90026544
   1.92799598   0.17502664  -3.89693668  -6.96985876 -11.75686409]_[24.82481402 26.2195992  25.54409916 26.97256297 25.82326125 24.52531395
 24.56054277 26.78055044 23.5944005  25.15055584] 

Mean Previous Drone Positions [4.70943219 4.70943219 4.70943219 4.70943219 4.70943219 4.70943219
 4.70943219 4.70943219 4.70943219 4.70943219]_[25.39957001 25.39957001 25.39957001 25.39957001 25.39957001 25.39957001
 25.39957001 25.39957001 25.39957001 25.39957001] 

relative Drone Positions [ 18.9  14.7  10.5   6.3   2.1  -2.1  -6.3 -10.5 -14.7 -18.9]_[-0. -0. -0. -0.  0.  0.  0.  0.  0.  0.] 

current starting Drone Positions [ 23.60943219  19.40943219  15.20943219  11.00943219   6.80943219
   2.60943219  -1.59056781  -5.79056781  -9.99056781 -14.19056781]_[25.39957001 25.39957001 25.39957001 25.39957001 25.39957001 25.39957001
 25.39957001 25.39957001 25.39957001 25.39957001] 

scanning direction vector [0. 0. 0. 0. 0. 0. 0. 0. 0. 0.]_[2. 2. 2. 2. 2. 2. 2. 2. 2. 2.] 

changing back speed 0.3 

velocity vector [ 0.94506188  0.79879365  0.80697432  0.30608078 -0.32724998  0.20443086
 -0.52967834 -0.56808934 -0.90621272 -0.73011112]_[2.1724268  1.75399124 1.95664126 1.52810211 1.87289263 2.26227682
 2.25170817 1.58570587 2.54155085 2.07470425] 

Moving Straight [ 21.40428781  17.54558034  13.32649212  10.2952437    7.57301546
   2.13242685  -0.35465169  -4.46502602  -7.87607147 -12.48697521]_[26.99724081 27.97359044 27.50074041 28.50066508 27.69615388 26.78759076
 26.81225094 28.36625631 26.13595136 27.22526009] 

drones next lat [48.33608056 48.33608904 48.33608445 48.33609321 48.33608576 48.33607715
 48.33607718 48.33609083 48.3360705  48.33607994] drones next lon [14.3269296  14.32687742 14.32682055 14.32677953 14.3267429  14.3266696
 14.32663604 14.32658039 14.32653464 14.32647229] 
WayPoint_Count 39 

Leader Index 4 

Leader Contour 137.5 

Contour Threshold 95 

Converging Before Rutherford Scattering [20.34219445 16.03024404 12.32455212  7.60865802  7.12053231  3.1062488
  0.74701121 -2.78542295 -6.21379254 -9.52108087]_[27.45187694 27.04284328 27.64721508 27.29409291 26.80438093 27.16475773
 26.57022349 29.20342097 27.28172578 27.52906879] 

Minimum Distance Within Rutherford Scattering 4.2 

Converging After Rutherford Scattering [ 2.10984067e+01  1.65277760e+01  1.25953903e+01  8.49123724e+00
  6.70386437e+00  3.25886814e+00 -1.86355337e-02 -2.93772532e+00
 -6.43135782e+00 -1.05286796e+01]_[27.50092738 26.86611135 27.78999742 28.64289989 25.23176801 27.59479056
 25.89203967 29.94672153 26.95547682 27.56887326] 

drones next lat [48.33608507 48.336079   48.336087   48.33609435 48.33606352 48.3360845
 48.33606893 48.33610517 48.33607799 48.33608318] drones next lon [14.32692541 14.32686382 14.32681065 14.32675518 14.32673146 14.3266847
 14.32664068 14.32660081 14.32655403 14.32649868] 
WayPoint_Count 40 

Leader Index 4 

Leader Contour 76.5 

Contour Threshold 95 

Previous Drone Positions [ 2.10984067e+01  1.65277760e+01  1.25953903e+01  8.49123724e+00
  6.70386437e+00  3.25886814e+00 -1.86355337e-02 -2.93772532e+00
 -6.43135782e+00 -1.05286796e+01]_[27.50092738 26.86611135 27.78999742 28.64289989 25.23176801 27.59479056
 25.89203967 29.94672153 26.95547682 27.56887326] 

Mean Previous Drone Positions [4.87591446 4.87591446 4.87591446 4.87591446 4.87591446 4.87591446
 4.87591446 4.87591446 4.87591446 4.87591446]_[27.39896059 27.39896059 27.39896059 27.39896059 27.39896059 27.39896059
 27.39896059 27.39896059 27.39896059 27.39896059] 

relative Drone Positions [ 18.9  14.7  10.5   6.3   2.1  -2.1  -6.3 -10.5 -14.7 -18.9]_[-0. -0. -0. -0.  0.  0.  0.  0.  0.  0.] 

current starting Drone Positions [ 23.77591446  19.57591446  15.37591446  11.17591446   6.97591446
   2.77591446  -1.42408554  -5.62408554  -9.82408554 -14.02408554]_[27.39896059 27.39896059 27.39896059 27.39896059 27.39896059 27.39896059
 27.39896059 27.39896059 27.39896059 27.39896059] 

scanning direction vector [0. 0. 0. 0. 0. 0. 0. 0. 0. 0.]_[2. 2. 2. 2. 2. 2. 2. 2. 2. 2.] 

changing back speed 0.3 

velocity vector [ 0.80325232  0.91444153  0.83415724  0.80540316  0.08161502 -0.1448861
 -0.421635   -0.80590807 -1.01781832 -1.04862179]_[1.96940996 2.15985477 1.88268895 1.62681821 2.65015777 1.94125101
 2.45207628 1.23567172 2.13304513 1.9490262 ] 

Moving Straight [ 21.90165904  17.44221755  13.42954757   9.29664041   6.7854794
   3.11398203  -0.44027054  -3.74363339  -7.44917614 -11.57730137]_[29.47033734 29.02596612 29.67268637 30.2697181  27.88192579 29.53604157
 28.34411595 31.18239325 29.08852195 29.51789946] 

drones next lat [48.33610285 48.3360985  48.336104   48.33610904 48.33608736 48.33610196
 48.33609095 48.33611622 48.3360971  48.33610063] drones next lon [14.32693602 14.3268759  14.32682168 14.32676585 14.32673225 14.32668252
 14.3266347  14.32658979 14.32654005 14.3264843 ] 
WayPoint_Count 41 

Leader Index 3 

Leader Contour 116.0 

Contour Threshold 95 

Converging Before Rutherford Scattering [19.17713212 15.24703799 11.12226489  9.71880814  8.71796529  4.61904975
  1.47239507 -2.28788415 -5.65441051 -9.83760747]_[30.28192521 30.303776   29.01389748 31.17623584 30.13564392 30.64844364
 29.73090968 30.20068819 28.24950666 28.62401236] 

Minimum Distance Within Rutherford Scattering 4.2 

Converging After Rutherford Scattering [ 20.08337371  15.73420672  11.82809046  10.30658346   8.00881047
   4.48319835   1.1624785   -2.68987387  -6.00946082 -10.61265585]_[30.28769208 30.4460635  27.90992125 32.78692061 29.339779   31.13587609
 29.35359441 30.65232699 27.81905168 28.63381334] 

drones next lat [48.33611006 48.33611114 48.33608801 48.33613177 48.33610058 48.33611646
 48.33610016 48.33611154 48.33608579 48.33609275] drones next lon [14.32691139 14.32685269 14.32680029 14.32677918 14.32674858 14.3267008
 14.32665621 14.32660408 14.32655962 14.32649742] 
WayPoint_Count 42 

Leader Index 3 

Leader Contour 75.0 

Contour Threshold 95 

Previous Drone Positions [ 20.08337371  15.73420672  11.82809046  10.30658346   8.00881047
   4.48319835   1.1624785   -2.68987387  -6.00946082 -10.61265585]_[30.28769208 30.4460635  27.90992125 32.78692061 29.339779   31.13587609
 29.35359441 30.65232699 27.81905168 28.63381334] 

Mean Previous Drone Positions [5.22947511 5.22947511 5.22947511 5.22947511 5.22947511 5.22947511
 5.22947511 5.22947511 5.22947511 5.22947511]_[29.8365039 29.8365039 29.8365039 29.8365039 29.8365039 29.8365039
 29.8365039 29.8365039 29.8365039 29.8365039] 

relative Drone Positions [ 18.9  14.7  10.5   6.3   2.1  -2.1  -6.3 -10.5 -14.7 -18.9]_[-0. -0. -0. -0.  0.  0.  0.  0.  0.  0.] 

current starting Drone Positions [ 24.12947511  19.92947511  15.72947511  11.52947511   7.32947511
   3.12947511  -1.07052489  -5.27052489  -9.47052489 -13.67052489]_[29.8365039 29.8365039 29.8365039 29.8365039 29.8365039 29.8365039
 29.8365039 29.8365039 29.8365039 29.8365039] 

scanning direction vector [0. 0. 0. 0. 0. 0. 0. 0. 0. 0.]_[2. 2. 2. 2. 2. 2. 2. 2. 2. 2.] 

changing back speed 0.3 

velocity vector [ 1.21383042  1.25858052  1.17041539  0.3668675  -0.20380061 -0.40611697
 -0.66990102 -0.77419531 -1.03831922 -0.91736071]_[1.86464354 1.81713212 2.5779748  1.11487499 2.14901747 1.61018834
 2.14487285 1.75525307 2.60523566 2.36080717] 

Moving Straight [ 21.29720413  16.99278724  12.99850586  10.67345096   7.80500986
   4.07708138   0.49257748  -3.46406917  -7.04778004 -11.53001656]_[32.15233563 32.26319562 30.48789604 33.9017956  31.48879647 32.74606443
 31.49846726 32.40758007 30.42428735 30.99462051] 

drones next lat [48.33612693 48.33612758 48.3361113  48.33614183 48.33611989 48.33613091
 48.3361194  48.33612727 48.33610914 48.33611392] drones next lon [14.32692755 14.32686945 14.32681577 14.326784   14.32674558 14.32669513
 14.32664691 14.32659342 14.3265453  14.32648476] 
WayPoint_Count 43 

Leader Index 4 

Leader Contour 106.0 

Contour Threshold 95 

Converging Before Rutherford Scattering [18.58074667 15.75098612 11.77753561 10.0102714   8.51106249  5.98234479
  1.51626259 -2.47045545 -4.15726389 -9.84993931]_[31.35895262 31.43506805 31.53578694 33.11208638 32.19695584 33.1068701
 31.27945993 32.22369723 30.12246835 31.99338485] 

Minimum Distance Within Rutherford Scattering 4.2 

Converging After Rutherford Scattering [ 19.84379518  16.108858    12.33573912  10.55099401   8.06451815
   5.19514726   1.45881068  -2.68777305  -4.8077441  -10.41079423]_[31.30909998 31.39288053 30.67415396 34.66435916 31.16463761 33.85244701
 30.91140329 32.99639121 29.32457492 32.07478262] 

drones next lat [48.33611923 48.33611969 48.33611292 48.33614868 48.336117   48.33614095
 48.3361142  48.33613263 48.33609943 48.33612373] drones next lon [14.32690804 14.32685763 14.32680681 14.32678225 14.32674912 14.32671009
 14.32666002 14.32660383 14.32657566 14.32649973] 
WayPoint_Count 44 

Leader Index 4 

Leader Contour 73.5 

Contour Threshold 95 

Previous Drone Positions [ 19.84379518  16.108858    12.33573912  10.55099401   8.06451815
   5.19514726   1.45881068  -2.68777305  -4.8077441  -10.41079423]_[31.30909998 31.39288053 30.67415396 34.66435916 31.16463761 33.85244701
 30.91140329 32.99639121 29.32457492 32.07478262] 

Mean Previous Drone Positions [5.5651551 5.5651551 5.5651551 5.5651551 5.5651551 5.5651551 5.5651551
 5.5651551 5.5651551 5.5651551]_[31.83647303 31.83647303 31.83647303 31.83647303 31.83647303 31.83647303
 31.83647303 31.83647303 31.83647303 31.83647303] 

relative Drone Positions [ 18.9  14.7  10.5   6.3   2.1  -2.1  -6.3 -10.5 -14.7 -18.9]_[-0. -0. -0. -0.  0.  0.  0.  0.  0.  0.] 

current starting Drone Positions [ 24.4651551  20.2651551  16.0651551  11.8651551   7.6651551   3.4651551
  -0.7348449  -4.9348449  -9.1348449 -13.3348449]_[31.83647303 31.83647303 31.83647303 31.83647303 31.83647303 31.83647303
 31.83647303 31.83647303 31.83647303 31.83647303] 

scanning direction vector [0. 0. 0. 0. 0. 0. 0. 0. 0. 0.]_[2. 2. 2. 2. 2. 2. 2. 2. 2. 2.] 

changing back speed 0.3 

velocity vector [ 1.38640798  1.24688913  1.11882479  0.39424833 -0.11980891 -0.51899765
 -0.65809667 -0.67412155 -1.29813024 -0.8772152 ]_[2.15821191 2.13307775 2.34869572 1.15163416 2.20155063 1.39520781
 2.27752092 1.65202455 2.75356943 1.92850712] 

Moving Straight [ 21.23020315  17.35574713  13.45456391  10.94524234   7.94470923
   4.67614961   0.80071401  -3.3618946   -6.10587434 -11.28800943]_[33.4673119  33.52595828 33.02284968 35.81599332 33.36618823 35.24765481
 33.18892421 34.64841575 32.07814435 34.00328974] 

drones next lat [48.33613875 48.33613897 48.33613414 48.33615907 48.33613679 48.33615346
 48.33613463 48.33614744 48.3361241  48.33614101] drones next lon [14.32692649 14.3268742  14.32682162 14.32678744 14.32674724 14.32670292
 14.32665087 14.32659453 14.32655782 14.32648767] 
WayPoint_Count 45 

Leader Index 4 

Leader Contour 199.5 

Contour Threshold 95 

Converging Before Rutherford Scattering [ 18.23241447  14.7193417   11.38853278  10.31029162   7.08179861
   7.23183897   3.79956711  -2.00988819  -4.5578585  -10.2484626 ]_[33.51767975 34.26312632 34.14478931 34.95621811 32.86083168 34.81888617
 33.20593577 35.19535191 33.15693115 34.21927034] 

Minimum Distance Within Rutherford Scattering 4.2 

Converging After Rutherford Scattering [ 19.33761302  15.55486125  12.13147215  10.33814616   7.07826747
   6.54694956   2.89167128  -2.03042693  -5.11596732 -10.78501065]_[33.32267794 34.55237422 33.0082227  36.42517429 31.41730389 36.00094357
 32.90614412 35.76481378 32.67464693 34.26671907] 

drones next lat [48.3361373  48.33614806 48.3361339  48.3361645  48.33611919 48.33616039
 48.33613226 48.33615758 48.33612954 48.33614341] drones next lon [14.32690097 14.32684978 14.32680377 14.32677917 14.32673578 14.32672807
 14.32667912 14.32661237 14.3265711  14.32649442] 
