WayPoint_Count 1 

Leader Index 5 

Leader Contour 60.5 

Contour Threshold 90 

Previous Drone Positions [ 18.9  14.7  10.5   6.3   2.1  -2.1  -6.3 -10.5 -14.7 -18.9]_[-12. -12. -12. -12. -12. -12. -12. -12. -12. -12.] 

Mean Previous Drone Positions [0. 0. 0. 0. 0. 0. 0. 0. 0. 0.]_[-12. -12. -12. -12. -12. -12. -12. -12. -12. -12.] 

relative Drone Positions [ 18.9  14.7  10.5   6.3   2.1  -2.1  -6.3 -10.5 -14.7 -18.9]_[-0. -0. -0. -0.  0.  0.  0.  0.  0.  0.] 

current starting Drone Positions [ 18.9  14.7  10.5   6.3   2.1  -2.1  -6.3 -10.5 -14.7 -18.9]_[-12. -12. -12. -12. -12. -12. -12. -12. -12. -12.] 

scanning direction vector [0. 0. 0. 0. 0. 0. 0. 0. 0. 0.]_[2. 2. 2. 2. 2. 2. 2. 2. 2. 2.] 

changing back speed 0.3 

velocity vector [0. 0. 0. 0. 0. 0. 0. 0. 0. 0.]_[2. 2. 2. 2. 2. 2. 2. 2. 2. 2.] 

Moving Straight [ 18.9  14.7  10.5   6.3   2.1  -2.1  -6.3 -10.5 -14.7 -18.9]_[-10. -10. -10. -10. -10. -10. -10. -10. -10. -10.] 

drones next lat [48.33574753 48.3357472  48.33574687 48.33574654 48.33574621 48.33574588
 48.33574554 48.33574521 48.33574488 48.33574455] drones next lon [14.32690019 14.32684352 14.32678686 14.32673019 14.32667352 14.32661685
 14.32656018 14.32650351 14.32644685 14.32639018] 
WayPoint_Count 2 

Leader Index 5 

Leader Contour 102.5 

Contour Threshold 90 

Converging Before Rutherford Scattering [ 16.16526603  12.86261245   7.69577442   5.29113485   1.02254797
  -2.67780198  -3.53011646  -7.87771261 -12.59140491 -17.43256921]_[-10.67835536 -10.98669002 -10.59432416  -9.86714028 -10.38588241
  -9.18382301  -9.36181559 -10.78278887 -10.99408607 -10.84638646] 

Minimum Distance Within Rutherford Scattering 4.2 

Converging After Rutherford Scattering [ 17.08481592  12.9504891    8.41808624   5.10547406   1.23560883
  -1.70703105  -4.84053946  -8.32838531 -12.95055285 -18.04023494]_[-10.62127613 -11.11209279 -10.90215425  -9.42453019 -10.89427921
  -8.29962273  -9.45843657 -11.06659679 -11.05859052 -10.84371305] 

drones next lat [48.3357418  48.33573706 48.33573859 48.33575162 48.33573809 48.3357612
 48.33575053 48.33573579 48.3357355  48.33573703] drones next lon [14.32687577 14.32682005 14.32675887 14.326714   14.32666196 14.32662195
 14.32657981 14.32653294 14.32647057 14.32640188] 
WayPoint_Count 3 

Leader Index 4 

Leader Contour 105.5 

Contour Threshold 90 

Converging Before Rutherford Scattering [ 14.30453959  10.16726221   5.55216775   4.23394333   0.58685017
   0.54068497  -2.78287085  -7.04896864 -11.04211246 -15.2550892 ]_[-10.03065641 -11.69621379 -10.39977835 -10.19518571 -11.65527343
 -10.28651597 -10.91217461 -11.72427346 -10.03961514 -10.2296573 ] 

Minimum Distance Within Rutherford Scattering 4.2 

Converging After Rutherford Scattering [ 15.03541024  10.72903834   7.00196038   3.90121451   0.63096076
   0.22555936  -3.45958556  -7.44655024 -11.35567186 -16.00592905]_[ -9.84329015 -12.11215499 -10.48659906  -9.60422456 -13.33753435
  -8.80890546 -10.84676301 -12.12244163  -9.77695959 -10.23047137] 

drones next lat [48.33574864 48.33572789 48.33574222 48.33574991 48.33571607 48.33575677
 48.33573815 48.33572636 48.33574715 48.3357427 ] drones next lon [14.32684803 14.3267902  14.32673972 14.32669777 14.32665409 14.32664809
 14.32659861 14.32654496 14.32649194 14.32642925] 
WayPoint_Count 4 

Leader Index 4 

Leader Contour 68.0 

Contour Threshold 90 

Previous Drone Positions [ 15.03541024  10.72903834   7.00196038   3.90121451   0.63096076
   0.22555936  -3.45958556  -7.44655024 -11.35567186 -16.00592905]_[ -9.84329015 -12.11215499 -10.48659906  -9.60422456 -13.33753435
  -8.80890546 -10.84676301 -12.12244163  -9.77695959 -10.23047137] 

Mean Previous Drone Positions [-0.07435931 -0.07435931 -0.07435931 -0.07435931 -0.07435931 -0.07435931
 -0.07435931 -0.07435931 -0.07435931 -0.07435931]_[-10.71693442 -10.71693442 -10.71693442 -10.71693442 -10.71693442
 -10.71693442 -10.71693442 -10.71693442 -10.71693442 -10.71693442] 

relative Drone Positions [ 18.9  14.7  10.5   6.3   2.1  -2.1  -6.3 -10.5 -14.7 -18.9]_[-0. -0. -0. -0.  0.  0.  0.  0.  0.  0.] 

current starting Drone Positions [ 18.82564069  14.62564069  10.42564069   6.22564069   2.02564069
  -2.17435931  -6.37435931 -10.57435931 -14.77435931 -18.97435931]_[-10.71693442 -10.71693442 -10.71693442 -10.71693442 -10.71693442
 -10.71693442 -10.71693442 -10.71693442 -10.71693442 -10.71693442] 

scanning direction vector [0. 0. 0. 0. 0. 0. 0. 0. 0. 0.]_[2. 2. 2. 2. 2. 2. 2. 2. 2. 2.] 

changing back speed 0.3 

velocity vector [ 1.13706913  1.1689807   1.02710409  0.69732785  0.41840398 -0.7199756
 -0.87443213 -0.93834272 -1.02560624 -0.89052908]_[1.73790672 2.41856617 1.93089939 1.66618704 2.78617998 1.42759131
 2.03894858 2.42165216 1.71800755 1.85406109] 

Moving Straight [ 16.17247938  11.89801904   8.02906447   4.59854237   1.04936474
  -0.49441625  -4.33401768  -8.38489296 -12.3812781  -16.89645813]_[ -8.10538343  -9.69358882  -8.55569967  -7.93803752 -10.55135437
  -7.38131415  -8.80781443  -9.70078946  -8.05895203  -8.37641028] 

drones next lat [48.33576436 48.33574974 48.33575967 48.33576495 48.33574116 48.33576956
 48.33575642 48.33574807 48.33576253 48.33575931] drones next lon [14.32686317 14.32680568 14.32675335 14.32670699 14.32665941 14.3266382
 14.32658657 14.32653202 14.3264779  14.32641702] 
WayPoint_Count 5 

Leader Index 4 

Leader Contour 127.0 

Contour Threshold 90 

Converging Before Rutherford Scattering [ 13.64055595  10.71232712   7.1060476    2.85274462   2.023906
  -0.26993689  -1.48200877  -7.24616736  -9.47078839 -15.21077806]_[ -7.59458513 -10.44029483  -9.1177503   -8.13307936 -10.32714616
  -9.93834589  -9.73838392  -9.35878365  -8.0941091   -7.6630348 ] 

Minimum Distance Within Rutherford Scattering 4.2 

Converging After Rutherford Scattering [ 14.36433402  11.30984076   7.48465181   3.17520975   2.97458295
  -0.15511199  -3.13462908  -7.26869513 -10.30244667 -15.7918346 ]_[ -7.1922783  -11.03861721  -8.93923851  -6.8010379  -11.63237198
 -10.33683672  -9.44078548  -9.84258592  -7.5764953   -7.6052658 ] 

drones next lat [48.33577243 48.33573759 48.33575618 48.33577507 48.33573159 48.335743
 48.33575082 48.33574688 48.33576703 48.33576634] drones next lon [14.32683866 14.32679791 14.32674605 14.32668765 14.32668551 14.32664313
 14.32660282 14.32654709 14.32650589 14.32643183] 
WayPoint_Count 6 

Leader Index 6 

Leader Contour 56.5 

Contour Threshold 90 

Previous Drone Positions [ 14.36433402  11.30984076   7.48465181   3.17520975   2.97458295
  -0.15511199  -3.13462908  -7.26869513 -10.30244667 -15.7918346 ]_[ -7.1922783  -11.03861721  -8.93923851  -6.8010379  -11.63237198
 -10.33683672  -9.44078548  -9.84258592  -7.5764953   -7.6052658 ] 

Mean Previous Drone Positions [0.26559018 0.26559018 0.26559018 0.26559018 0.26559018 0.26559018
 0.26559018 0.26559018 0.26559018 0.26559018]_[-9.04055131 -9.04055131 -9.04055131 -9.04055131 -9.04055131 -9.04055131
 -9.04055131 -9.04055131 -9.04055131 -9.04055131] 

relative Drone Positions [ 18.9  14.7  10.5   6.3   2.1  -2.1  -6.3 -10.5 -14.7 -18.9]_[-0. -0. -0. -0.  0.  0.  0.  0.  0.  0.] 

current starting Drone Positions [ 19.16559018  14.96559018  10.76559018   6.56559018   2.36559018
  -1.83440982  -6.03440982 -10.23440982 -14.43440982 -18.63440982]_[-9.04055131 -9.04055131 -9.04055131 -9.04055131 -9.04055131 -9.04055131
 -9.04055131 -9.04055131 -9.04055131 -9.04055131] 

scanning direction vector [0. 0. 0. 0. 0. 0. 0. 0. 0. 0.]_[2. 2. 2. 2. 2. 2. 2. 2. 2. 2.] 

changing back speed 0.3 

velocity vector [ 1.44037685  1.09672483  0.98428151  1.01711413 -0.18269783 -0.50378935
 -0.86993422 -0.88971441 -1.23958894 -0.85277257]_[1.4455181  2.59941977 1.96960616 1.32814598 2.7775462  2.38888562
 2.12007025 2.24061038 1.5607832  1.56941435] 

Moving Straight [ 15.80471087  12.40656558   8.46893332   4.19232388   2.79188512
  -0.65890134  -4.0045633   -8.15840953 -11.54203562 -16.64460716]_[-5.74676021 -8.43919744 -6.96963235 -5.47289192 -8.85482578 -7.9479511
 -7.32071523 -7.60197554 -6.0157121  -6.03585145] 

drones next lat [48.33578555 48.33576106 48.33577397 48.3357871  48.33575656 48.33576445
 48.33576983 48.33576697 48.33578097 48.33578039] drones next lon [14.32685793 14.3268124  14.32675909 14.32670121 14.32668272 14.32663605
 14.32659084 14.32653482 14.32648898 14.32642014] 
WayPoint_Count 7 

Leader Index 5 

Leader Contour 83.0 

Contour Threshold 90 

Previous Drone Positions [ 15.80471087  12.40656558   8.46893332   4.19232388   2.79188512
  -0.65890134  -4.0045633   -8.15840953 -11.54203562 -16.64460716]_[-5.74676021 -8.43919744 -6.96963235 -5.47289192 -8.85482578 -7.9479511
 -7.32071523 -7.60197554 -6.0157121  -6.03585145] 

Mean Previous Drone Positions [0.26559018 0.26559018 0.26559018 0.26559018 0.26559018 0.26559018
 0.26559018 0.26559018 0.26559018 0.26559018]_[-7.04055131 -7.04055131 -7.04055131 -7.04055131 -7.04055131 -7.04055131
 -7.04055131 -7.04055131 -7.04055131 -7.04055131] 

relative Drone Positions [ 18.9  14.7  10.5   6.3   2.1  -2.1  -6.3 -10.5 -14.7 -18.9]_[-0. -0. -0. -0.  0.  0.  0.  0.  0.  0.] 

current starting Drone Positions [ 19.16559018  14.96559018  10.76559018   6.56559018   2.36559018
  -1.83440982  -6.03440982 -10.23440982 -14.43440982 -18.63440982]_[-7.04055131 -7.04055131 -7.04055131 -7.04055131 -7.04055131 -7.04055131
 -7.04055131 -7.04055131 -7.04055131 -7.04055131] 

scanning direction vector [0. 0. 0. 0. 0. 0. 0. 0. 0. 0.]_[2. 2. 2. 2. 2. 2. 2. 2. 2. 2.] 

changing back speed 0.3 

velocity vector [ 1.00826379  0.76770738  0.68899706  0.71197989 -0.12788848 -0.35265254
 -0.60895396 -0.62280009 -0.86771226 -0.5969408 ]_[1.61186267 2.41959384 1.97872431 1.52970218 2.54428234 2.27221993
 2.08404918 2.16842727 1.69254824 1.69859004] 

Moving Straight [ 16.81297466  13.17427296   9.15793038   4.90430377   2.66399664
  -1.01155388  -4.61351726  -8.78120962 -12.40974788 -17.24154796]_[-4.13489754 -6.0196036  -4.99090804 -3.94318974 -6.31054344 -5.67573116
 -5.23666606 -5.43354827 -4.32316387 -4.33726141] 

drones next lat [48.33580013 48.33578289 48.33579183 48.33580092 48.33577944 48.33578486
 48.33578853 48.33578643 48.33579613 48.33579562] drones next lon [14.32687134 14.32682247 14.32676815 14.32671064 14.32668069 14.32663102
 14.32658237 14.32652616 14.32647707 14.32641188] 
WayPoint_Count 8 

Leader Index 7 

Leader Contour 108.0 

Contour Threshold 90 

Converging Before Rutherford Scattering [ 13.8462028   10.71732992   7.81168226   3.67923287  -0.3256751
  -2.19439177  -7.5392682   -8.05357174 -11.35607373 -14.72104654]_[-3.99052969 -6.85536659 -4.28300782 -3.51351778 -6.25231796 -5.03563886
 -5.7036739  -4.74758682 -4.39606484 -3.75074286] 

Minimum Distance Within Rutherford Scattering 4.2 

Converging After Rutherford Scattering [ 14.55889222  11.09061353   8.03309874   3.67815006   0.27795973
  -2.57980662  -7.21126705  -8.18865463 -11.98541279 -15.80915242]_[-3.6882094  -7.56360089 -3.99480038 -3.03782584 -7.14994013 -4.45095583
 -7.26612127 -3.3722887  -4.45070656 -3.55399813] 

drones next lat [48.33580397 48.33576884 48.3358007  48.33580896 48.3357717  48.33579576
 48.33577007 48.33580502 48.33579502 48.33580278] drones next lon [14.32684087 14.32679454 14.32675286 14.32669399 14.3266486  14.32660972
 14.32654756 14.32653391 14.32648281 14.32643112] 
WayPoint_Count 9 

Leader Index 7 

Leader Contour 71.0 

Contour Threshold 90 

Previous Drone Positions [ 14.55889222  11.09061353   8.03309874   3.67815006   0.27795973
  -2.57980662  -7.21126705  -8.18865463 -11.98541279 -15.80915242]_[-3.6882094  -7.56360089 -3.99480038 -3.03782584 -7.14994013 -4.45095583
 -7.26612127 -3.3722887  -4.45070656 -3.55399813] 

Mean Previous Drone Positions [-0.81355792 -0.81355792 -0.81355792 -0.81355792 -0.81355792 -0.81355792
 -0.81355792 -0.81355792 -0.81355792 -0.81355792]_[-4.85284471 -4.85284471 -4.85284471 -4.85284471 -4.85284471 -4.85284471
 -4.85284471 -4.85284471 -4.85284471 -4.85284471] 

relative Drone Positions [ 18.9  14.7  10.5   6.3   2.1  -2.1  -6.3 -10.5 -14.7 -18.9]_[-0. -0. -0. -0.  0.  0.  0.  0.  0.  0.] 

current starting Drone Positions [ 18.08644208  13.88644208   9.68644208   5.48644208   1.28644208
  -2.91355792  -7.11355792 -11.31355792 -15.51355792 -19.71355792]_[-4.85284471 -4.85284471 -4.85284471 -4.85284471 -4.85284471 -4.85284471
 -4.85284471 -4.85284471 -4.85284471 -4.85284471] 

scanning direction vector [0. 0. 0. 0. 0. 0. 0. 0. 0. 0.]_[2. 2. 2. 2. 2. 2. 2. 2. 2. 2.] 

changing back speed 0.3 

velocity vector [ 1.05826496  0.83874856  0.496003    0.5424876   0.30254471 -0.10012539
  0.02931274 -0.93747099 -1.05844354 -1.17132165]_[1.65060941 2.81322685 1.7425867  1.45549434 2.68912862 1.87943334
 2.72398297 1.55583319 1.87935856 1.61034602] 

Moving Straight [ 15.61715718  11.9293621    8.52910174   4.22063767   0.58050443
  -2.67993201  -7.18195431  -9.12612562 -13.04385633 -16.98047407]_[-2.03759999 -4.75037404 -2.25221368 -1.5823315  -4.4608115  -2.5715225
 -4.5421383  -1.8164555  -2.57134801 -1.9436521 ] 

drones next lat [48.33581891 48.33579421 48.33581641 48.3358221  48.33579592 48.33581266
 48.33579457 48.33581894 48.33581184 48.33581718] drones next lon [14.32685496 14.32680552 14.32675935 14.32670113 14.32665236 14.32660815
 14.32654764 14.32652108 14.32646831 14.32641512] 
WayPoint_Count 10 

Leader Index 4 

Leader Contour 110.5 

Contour Threshold 90 

Converging Before Rutherford Scattering [ 14.14186472   9.58604763   6.87908703   1.67565111  -0.31356886
  -1.69042846  -5.81231361  -6.21809101 -10.37887407 -14.65507836]_[-3.2222701  -3.76037885 -1.826773   -2.60601385 -4.9087322  -2.90271437
 -5.29757821 -2.5490607  -2.11654777 -3.16579893] 

Minimum Distance Within Rutherford Scattering 4.2 

Converging After Rutherford Scattering [ 1.48662714e+01  1.00532639e+01  6.99947440e+00  2.33094095e+00
  2.26981103e-04 -1.99318398e+00 -6.16684357e+00 -6.50988043e+00
 -1.09322521e+01 -1.54337214e+01]_[-3.18585223 -4.24031525 -1.25087344 -2.08738688 -6.20395879 -2.13967752
 -6.39842609 -1.78700638 -1.7943197  -3.26805171] 

drones next lat [48.33580852 48.33579865 48.3358253  48.33581741 48.33578019 48.3358166
 48.33577795 48.33581941 48.335819   48.33580538] drones next lon [14.32684496 14.32678015 14.32673859 14.3266757  14.32664474 14.32661736
 14.32656155 14.32655638 14.32649671 14.32643615] 
WayPoint_Count 11 

Leader Index 5 

Leader Contour 89.5 

Contour Threshold 90 

Previous Drone Positions [ 1.48662714e+01  1.00532639e+01  6.99947440e+00  2.33094095e+00
  2.26981103e-04 -1.99318398e+00 -6.16684357e+00 -6.50988043e+00
 -1.09322521e+01 -1.54337214e+01]_[-3.18585223 -4.24031525 -1.25087344 -2.08738688 -6.20395879 -2.13967752
 -6.39842609 -1.78700638 -1.7943197  -3.26805171] 

Mean Previous Drone Positions [-0.67857039 -0.67857039 -0.67857039 -0.67857039 -0.67857039 -0.67857039
 -0.67857039 -0.67857039 -0.67857039 -0.67857039]_[-3.2355868 -3.2355868 -3.2355868 -3.2355868 -3.2355868 -3.2355868
 -3.2355868 -3.2355868 -3.2355868 -3.2355868] 

relative Drone Positions [ 18.9  14.7  10.5   6.3   2.1  -2.1  -6.3 -10.5 -14.7 -18.9]_[-0. -0. -0. -0.  0.  0.  0.  0.  0.  0.] 

current starting Drone Positions [ 18.22142961  14.02142961   9.82142961   5.62142961   1.42142961
  -2.77857039  -6.97857039 -11.17857039 -15.37857039 -19.57857039]_[-3.2355868 -3.2355868 -3.2355868 -3.2355868 -3.2355868 -3.2355868
 -3.2355868 -3.2355868 -3.2355868 -3.2355868] 

scanning direction vector [0. 0. 0. 0. 0. 0. 0. 0. 0. 0.]_[2. 2. 2. 2. 2. 2. 2. 2. 2. 2.] 

changing back speed 0.3 

velocity vector [ 1.00654746  1.19044972  0.84658657  0.9871466   0.42636079 -0.23561592
 -0.24351804 -1.40060699 -1.33389548 -1.2434547 ]_[1.98507963 2.30141854 1.40458599 1.65554002 2.8905116  1.67122722
 2.94885179 1.56542588 1.56761987 2.00973947] 

Moving Straight [ 15.87281887  11.24371361   7.84606096   3.31808755   0.42658777
  -2.22879991  -6.41036162  -7.91048742 -12.2661476  -16.6771761 ]_[-1.2007726  -1.93889671  0.15371255 -0.43184686 -3.31344719 -0.4684503
 -3.4495743  -0.22158051 -0.22669983 -1.25831224] 

drones next lat [48.33582645 48.33581945 48.335838   48.33583238 48.33580623 48.33583161
 48.33580446 48.33583338 48.33583299 48.33582336] drones next lon [14.32685831 14.32679594 14.32674984 14.32668882 14.32665015 14.32661398
 14.32655792 14.32653729 14.32647853 14.32641913] 
WayPoint_Count 12 

Leader Index 4 

Leader Contour 138.5 

Contour Threshold 90 

Converging Before Rutherford Scattering [ 14.63594637   8.25983475   5.43441135   0.91820145   1.06762961
   0.11037009  -3.95231408  -5.62743538 -10.00429193 -14.08543928]_[-2.13922492 -2.20928127 -1.49321322 -1.66136914 -4.08095313 -1.70623587
 -4.29848456 -1.83006037 -1.6472294  -0.70146039] 

Minimum Distance Within Rutherford Scattering 4.2 

Converging After Rutherford Scattering [ 15.175138     9.29375913   5.82663144   2.11483655   1.40372218
  -1.29872242  -4.29192792  -6.10716523 -10.48028636 -14.87907242]_[-2.13581756 -2.44330703 -1.0668378  -0.72543778 -5.53208946 -1.04053312
 -5.37803203 -1.23032422 -1.6766732  -0.53846006] 

drones next lat [48.33581799 48.33581476 48.33582687 48.33582964 48.33578635 48.33582654
 48.33578728 48.33582445 48.33582009 48.33582998] drones next lon [14.326849   14.32676969 14.32672274 14.32667262 14.3266636  14.3266266
 14.32658673 14.32656174 14.32650279 14.32644331] 
WayPoint_Count 13 

Leader Index 5 

Leader Contour 145.0 

Contour Threshold 90 

Converging Before Rutherford Scattering [ 12.96964086   7.66233301   3.64742086   0.3083529    1.36593389
  -0.57545712  -4.1558499   -4.7299375   -8.8631738  -12.02704935]_[-2.9808603  -1.24446057 -2.0432627   0.0734589  -3.70288713 -1.7311034
 -3.71506145 -0.36780563 -2.46419859 -0.09107525] 

Minimum Distance Within Rutherford Scattering 4.2 

Converging After Rutherford Scattering [ 13.58001046   8.47005174   4.47604095   0.68346073   1.6840041
  -1.02030958  -4.62859795  -5.28359527  -9.49404697 -12.86480434]_[-3.10802074 -0.97304158 -1.93567933  1.71921836 -5.19011526 -1.95008925
 -4.7697782   0.53646572 -2.89090533  0.29468947] 

drones next lat [48.33580911 48.33582792 48.33581894 48.33585152 48.33578944 48.33581838
 48.33579273 48.33584041 48.33580925 48.33583764] drones next lon [14.3268276  14.3267584  14.32670462 14.32665302 14.32666734 14.32663046
 14.32658211 14.32657265 14.32651624 14.32647039] 
WayPoint_Count 14 

Leader Index 5 

Leader Contour 134.5 

Contour Threshold 90 

Converging Before Rutherford Scattering [ 11.08640062   7.48051885   2.40997249   0.82268655  -0.59331438
  -1.3589677   -2.08257652  -2.83591573  -6.9613246  -11.50321062]_[-2.08379962 -1.18770033 -0.94310812  0.09661747 -3.74677427 -1.00917975
 -3.29568656 -1.16508091 -1.83172963  0.71969472] 

Minimum Distance Within Rutherford Scattering 4.2 

Converging After Rutherford Scattering [ 12.04739852   7.98305612   3.72959835   1.37583607   0.55457147
  -1.12246156  -3.27768047  -4.49814464  -8.09222576 -12.23567915]_[-2.25954624 -1.03063593 -1.28353341  2.07690374 -5.37740363 -0.4341999
 -4.80487092 -0.22568926 -2.1134721   1.00570067] 

drones next lat [48.33581663 48.33582736 48.33582475 48.33585479 48.33578767 48.33583201
 48.33579252 48.33583362 48.33581635 48.33584408] drones next lon [14.32680682 14.32675183 14.32669447 14.32666232 14.32665212 14.32662891
 14.32660035 14.32658334 14.32653507 14.32647879] 
WayPoint_Count 15 

Leader Index 5 

Leader Contour 155.0 

Contour Threshold 90 

Converging Before Rutherford Scattering [  9.27900359   5.17062104   2.64364182  -0.63631907  -0.94602
  -0.32043079  -2.93111556  -1.50209655  -6.19582445 -11.04831147]_[-1.36844189 -0.32286507 -0.47136638  1.45790603 -3.99701138  0.16308281
 -3.85406986 -0.33181853 -0.64615494  1.35394231] 

Minimum Distance Within Rutherford Scattering 4.2 

Converging After Rutherford Scattering [ 10.34830892   6.551473     3.42763169  -0.90871016  -0.11178532
   0.42815392  -4.1707672   -2.99500617  -7.24576563 -11.81038449]_[-1.5759989   0.03890964 -0.79580882  3.89252729 -5.41677059  0.23625906
 -5.03815956 -0.42134942 -0.54107715  1.60467156] 

drones next lat [48.33582264 48.33583687 48.33582911 48.33587095 48.33578726 48.33583816
 48.33579035 48.33583198 48.33583056 48.3358495 ] drones next lon [14.32678381 14.32673239 14.32669034 14.32663128 14.32664313 14.32664975
 14.32658832 14.32660364 14.3265463  14.32648446] 
WayPoint_Count 16 

Leader Index 2 

Leader Contour 128.5 

Contour Threshold 90 

Converging Before Rutherford Scattering [  8.66309985   5.04924937   4.36151176   0.84118965   0.48727038
   3.25443109  -1.70985616  -0.36343829  -4.32263799 -10.83227248]_[-0.39870779 -1.38022987 -1.1533952   1.50425367 -4.61590073 -0.76885373
 -3.36370355 -1.3103041  -0.97191949  1.22311936] 

Minimum Distance Within Rutherford Scattering 4.2 

Converging After Rutherford Scattering [ 10.16549859   7.48232502   4.95121518   0.45702323   0.94746048
   2.42193233  -2.96602305  -1.02876956  -5.58814864 -11.41396639]_[ 0.12527917 -2.83391099 -1.15567398  3.44904425 -6.22574696  0.2036287
 -4.5692848  -1.01160447 -0.60481588  1.38744351] 

drones next lat [48.33583793 48.3358111  48.335826   48.33586707 48.33578007 48.33583803
 48.33579466 48.33582682 48.33583012 48.33584758] drones next lon [14.32678114 14.32674529 14.32671094 14.32664976 14.32665752 14.32667665
 14.32660452 14.32663024 14.32656867 14.32648983] 
WayPoint_Count 17 

Leader Index 5 

Leader Contour 160.5 

Contour Threshold 90 

Converging Before Rutherford Scattering [ 7.53605925  5.05733331  2.57111915  0.62456474  0.71760505  1.49739534
 -1.30807002  0.0263432  -2.68234973 -8.62246145]_[ 0.92248086 -2.50859368  0.57698031  1.24211722 -5.01241264  0.58472101
 -4.23007604  0.20852964 -0.80536706  0.61532857] 

Minimum Distance Within Rutherford Scattering 4.2 

Converging After Rutherford Scattering [ 8.89268601  6.10473456  4.79710878 -0.08169487  1.41791374  1.92982585
 -2.43478899 -1.22027648 -4.52988189 -9.45808786]_[ 1.3643132  -3.47569783  1.54776835  4.02467749 -6.44218742  0.16005331
 -5.30896722 -0.23087375 -0.84262879  0.79725085] 

drones next lat [48.33584898 48.33580522 48.3358503  48.3358722  48.33577816 48.33583759
 48.33578805 48.33583383 48.33582806 48.33584243] drones next lon [14.32676382 14.32672678 14.32670854 14.32664242 14.32666389 14.32667002
 14.32661178 14.32662756 14.32658298 14.32651629] 
WayPoint_Count 18 

Leader Index 5 

Leader Contour 192.0 

Contour Threshold 90 

Converging Before Rutherford Scattering [ 6.27751802  5.07333957  2.0552108   1.32094089  0.63472451  2.33246464
 -2.14128778  0.01498138 -1.84551954 -8.13896714]_[ 1.78813028 -1.28324633  0.33991317  1.37291906 -4.10098934 -0.75530564
 -3.44607416  0.67742148 -1.24204369  1.42080503] 

Minimum Distance Within Rutherford Scattering 4.2 

Converging After Rutherford Scattering [ 7.63466565  6.87405805  3.20470034  1.24320661  0.93940158  2.79952137
 -3.39379877 -1.39128401 -3.40084081 -8.92622467]_[ 2.73084881 -2.14954747  1.16870851  4.29004137 -5.87006808 -2.43559196
 -4.99637946  1.58173245 -1.21811867  1.66990437] 

drones next lat [48.33586117 48.33581721 48.33584677 48.33587469 48.33578327 48.33581431
 48.33579079 48.33585012 48.33582478 48.33585032] drones next lon [14.32674669 14.326737   14.3266871  14.32666027 14.32665737 14.32668206
 14.3265988  14.32662504 14.32659826 14.32652336] 
WayPoint_Count 19 

Leader Index 5 

Leader Contour 197.0 

Contour Threshold 90 

Converging Before Rutherford Scattering [ 6.43347205  4.21252627  2.4138055   0.69500354  1.10684672  1.89899025
 -0.86921515  0.62061064 -0.4897876  -6.05677017]_[ 2.25681347 -3.03516545  0.0046204   2.29887262 -3.49198334 -2.00080039
 -3.49558972 -0.6252323  -1.9201629   1.19884444] 

Minimum Distance Within Rutherford Scattering 4.2 

Converging After Rutherford Scattering [ 7.6798021   6.25518918  3.91306079  0.26963694  1.44470589  2.82005806
 -2.63894784 -0.16771769 -2.55551481 -7.05479058]_[ 3.02851263 -4.10840595  1.33076577  4.44147997 -5.95265074 -2.41217711
 -5.5235129   0.64217288 -1.81779087  1.56182316] 

drones next lat [48.33586385 48.33579954 48.33584828 48.33587598 48.33578257 48.33581452
 48.3357861  48.33584177 48.33581945 48.3358495 ] drones next lon [14.32674726 14.32672888 14.32669664 14.32664711 14.3266642  14.32668234
 14.32660905 14.32664166 14.32660974 14.32654863] 
WayPoint_Count 20 

Leader Index 5 

Leader Contour 200.0 

Contour Threshold 90 

Converging Before Rutherford Scattering [ 6.3832024   3.91624581  3.71925071  0.47434466  2.49333838  1.98715798
 -1.36775945  1.9592793  -0.80067471 -4.4624334 ]_[ 0.53754643 -4.06091027 -1.5193494   3.43719129 -5.0342862  -1.85875371
 -5.4177486  -0.10243788 -1.06512868  1.49107516] 

Minimum Distance Within Rutherford Scattering 4.2 

Converging After Rutherford Scattering [ 7.94371894  5.75326976  5.28003601  0.20124327  2.18426866  1.36617617
 -2.5072265   2.02857161 -2.31235331 -5.63575293]_[ 1.46689402 -5.24941968 -1.24986117  5.01451742 -7.02347144 -2.58668257
 -6.48057813  1.50455611 -1.00068395  2.01192751] 

drones next lat [48.33584983 48.33578923 48.33582518 48.33588113 48.33577299 48.33581284
 48.3357775  48.3358497  48.33582682 48.33585366] drones next lon [14.32675101 14.32672225 14.32671539 14.32664612 14.3266743  14.32666274
 14.32661094 14.32667119 14.32661292 14.32656772] 
WayPoint_Count 21 

Leader Index 5 

Leader Contour 182.5 

Contour Threshold 90 

Converging Before Rutherford Scattering [ 5.89975953  4.30208138  4.16546937 -0.39323185  2.38480639  2.2540163
 -0.11218167  2.34127024 -1.19110666 -4.62822991]_[-0.52234763 -3.24570499 -1.26814473  2.59648415 -4.23030749 -2.12653054
 -4.88763231  0.30494984 -2.49131447  1.66158842] 

Minimum Distance Within Rutherford Scattering 4.2 

Converging After Rutherford Scattering [ 8.27334332  6.22617955  5.05128337 -0.98738044  2.61421381  1.44272458
 -1.35411924  2.33859424 -2.82007621 -5.76210985]_[ 0.48638723 -4.71038345 -0.70021372  4.01825505 -6.29675879 -2.13863291
 -6.58988322  2.07537857 -2.44120333  2.08809482] 

drones next lat [48.33584103 48.33579412 48.3358301  48.33587207 48.33577956 48.33581688
 48.33577661 48.33585486 48.33581382 48.33585433] drones next lon [14.32675557 14.32672856 14.32671224 14.3266302  14.32668002 14.32666372
 14.32662651 14.32667531 14.32660624 14.32656601] 
WayPoint_Count 22 

Leader Index 5 

Leader Contour 157.5 

Contour Threshold 90 

Converging Before Rutherford Scattering [ 6.11706554  4.65490644  4.16077933 -1.24127001  2.72932565  1.06853431
 -1.13713654  1.18488595 -1.80335545 -3.05385945]_[ 0.72614993 -2.7815829  -1.18727747  2.00448247 -5.12518287 -1.21128096
 -4.36493408  0.79409918 -2.09221955  0.89349552] 

Minimum Distance Within Rutherford Scattering 4.2 

Converging After Rutherford Scattering [ 7.72483154  6.31585981  4.89719799 -1.75216254  2.96980317  0.91913258
 -1.88371409  1.73548848 -3.28412357 -4.96243761]_[ 1.85599371 -4.11348234 -0.61942021  3.8587227  -6.8031629  -1.75310832
 -6.10382218  2.39123842 -2.4241048   1.36689517] 

drones next lat [48.33585331 48.3357995  48.33583082 48.33587058 48.33577504 48.3358203
 48.33578094 48.33585765 48.33581394 48.33584791] drones next lon [14.32674801 14.3267297  14.32671015 14.3266199  14.32668488 14.32665661
 14.32661931 14.32666713 14.32659998 14.32657688] 
WayPoint_Count 23 

Leader Index 1 

Leader Contour 112.0 

Contour Threshold 90 

Converging Before Rutherford Scattering [ 8.26319521  7.11855739  4.67396048 -1.15588111  5.1944432   3.142706
 -0.57295584  3.59071322 -2.28402653 -2.35585623]_[-0.15684204 -3.51709606 -2.25306588  3.01613218 -6.29623945 -3.47486566
 -4.85773498  0.04551784 -2.5261809   1.08236126] 

Minimum Distance Within Rutherford Scattering 4.2 

Converging After Rutherford Scattering [ 9.4856264   8.72378764  5.33411073 -1.14068262  5.56410035  2.43922721
 -1.24290174  3.46574893 -3.49804128 -3.51611983]_[ 0.7403577  -4.18843211 -1.8684285   4.50624152 -7.87382481 -4.23970423
 -6.16701117  1.52138403 -2.73221725  1.36362115] 

drones next lat [48.33584341 48.33579901 48.33581961 48.33587645 48.33576561 48.33579805
 48.33578043 48.33584996 48.33581115 48.33584799] drones next lon [14.3267719  14.3267622  14.32671619 14.32662808 14.32672001 14.32667741
 14.32662796 14.32669058 14.32659713 14.3265964 ] 
WayPoint_Count 24 

Leader Index 5 

Leader Contour 174.0 

Contour Threshold 90 

Converging Before Rutherford Scattering [ 8.00039869  6.24504539  4.30586159 -1.29893236  4.89882782  1.89651352
 -0.05904835  2.11916646 -1.00821055 -1.25876333]_[-1.40293899 -3.32682922 -2.28097411  3.05674489 -5.58789579 -3.39978648
 -6.0483303  -0.53976084 -2.39012363 -0.60588799] 

Minimum Distance Within Rutherford Scattering 4.2 

Converging After Rutherford Scattering [ 9.59831178  7.85885265  4.8965694  -1.77183301  5.35339469  1.6688667
 -0.86256552  2.22210792 -2.52617389 -2.59667185]_[-0.41564506 -4.09396021 -1.55787141  4.49611786 -7.39004809 -4.13715348
 -7.64706973  1.03337311 -3.23466064  0.4211352 ] 

drones next lat [48.33583302 48.33579979 48.33582237 48.33587631 48.33576994 48.33579892
 48.33576714 48.33584547 48.3358067  48.33583959] drones next lon [14.32677355 14.32675052 14.32671025 14.32661956 14.32671711 14.32666701
 14.32663327 14.32667386 14.3266103  14.32660891] 
WayPoint_Count 25 

Leader Index 5 

Leader Contour 205.5 

Contour Threshold 90 

Converging Before Rutherford Scattering [ 8.28253165  5.00781304  4.18186537 -0.46408727  3.2025399   1.0148438
 -0.54925863  1.89709387 -0.15949054 -0.40820544]_[-2.13441384 -3.58289314 -3.3368657   3.46173865 -6.82498888 -4.89362823
 -6.54090887  0.03840671 -2.74385667 -0.46959799] 

Minimum Distance Within Rutherford Scattering 4.2 

Converging After Rutherford Scattering [ 9.7816704   7.04353061  3.97159347 -0.87155163  3.92162241  0.92094382
 -2.00702989  2.71238815 -1.62515618 -1.8423654 ]_[-1.57155122 -4.45670837 -2.67729402  4.88592837 -8.56605818 -5.61634348
 -8.1013741   1.35413463 -2.89034145  0.61259987] 

drones next lat [48.33582264 48.33579647 48.33581223 48.33587989 48.33575925 48.33578555
 48.33576296 48.3358484  48.33580987 48.33584137] drones next lon [14.32677617 14.32673956 14.3266979  14.32663166 14.32669793 14.32665709
 14.32661788 14.32668044 14.32662241 14.32661907] 
WayPoint_Count 26 

Leader Index 3 

Leader Contour 173.5 

Contour Threshold 90 

Converging Before Rutherford Scattering [ 8.5904085   6.7259899   3.44336733 -1.5768322   3.66614088 -0.21333547
 -2.37859546  1.049003   -2.21555631 -2.39742245]_[ 0.31990287 -2.70972367 -0.15805884  4.17700008 -7.59153297 -4.24778641
 -5.27103354  3.72900419 -0.27804624  2.62408308] 

Minimum Distance Within Rutherford Scattering 4.2 

Converging After Rutherford Scattering [ 9.58107854  7.43232202  3.76306135 -1.96925092  4.0001275   0.17780931
 -3.56785432  1.94977212 -2.89487162 -3.77902625]_[ 8.56599436e-01 -3.35060410e+00 -1.36746666e-03  6.02069733e+00
 -8.49741616e+00 -4.65172170e+00 -6.26251454e+00  4.53885663e+00
 -8.14546265e-01  2.75582539e+00] 

drones next lat [48.33584446 48.33580645 48.33583629 48.33589001 48.33575988 48.33579417
 48.33577938 48.33587699 48.33582845 48.3358605 ] drones next lon [14.32677317 14.32674468 14.32669477 14.32661672 14.32669898 14.32664695
 14.3265966  14.32666977 14.32660504 14.32659268] 
WayPoint_Count 27 

Leader Index 3 

Leader Contour 169.5 

Contour Threshold 90 

Converging Before Rutherford Scattering [ 8.73830002  6.81276805  1.90003553 -2.30265672  2.43697425  0.26800486
 -2.83273853 -0.85304398 -3.61436324 -3.5785955 ]_[ 1.4895453  -1.33461196  2.32228415  5.07791391 -7.24419158 -3.56571453
 -5.15814252  4.88395813  1.01214167  3.8660501 ] 

Minimum Distance Within Rutherford Scattering 4.2 

Converging After Rutherford Scattering [ 9.60060303  7.25593224  2.59802021 -3.03860365  2.82009874  0.48656066
 -3.65392961  0.4003484  -4.28582015 -5.20852512]_[ 2.0092282  -1.87940246  2.26458688  6.95583278 -8.14127266 -3.7264442
 -5.91396671  5.67429721  0.18153049  3.92484315] 

drones next lat [48.33585484 48.33581967 48.33585658 48.33589834 48.33576299 48.33580252
 48.33578251 48.33588708 48.3358373  48.3358709 ] drones next lon [14.3267733  14.32674212 14.32667879 14.32660218 14.32668301 14.32665101
 14.3265954  14.32664873 14.32658615 14.32657326] 
WayPoint_Count 28 

Leader Index 5 

Leader Contour 169.0 

Contour Threshold 90 

Converging Before Rutherford Scattering [ 6.94309645  4.837015    1.94663831 -3.16769554  2.46540187 -0.38780592
 -0.9843786   0.9181987  -1.85318329 -4.92627143]_[ 1.20693448 -3.27789339  1.37821783  5.71132229 -7.1877586  -4.21171021
 -5.41313681  4.54068973 -0.62046404  2.73086256] 

Minimum Distance Within Rutherford Scattering 4.2 

Converging After Rutherford Scattering [ 7.90341288  5.71915532  2.41566514 -3.58879185  2.9990731  -0.09877059
 -2.18418397  1.25787067 -2.5910905  -6.04132465]_[ 1.5712306  -3.60679005  1.49786703  6.78448386 -8.31774647 -3.90708814
 -7.04111795  5.64072329 -0.54683571  2.78233738] 

drones next lat [48.33585076 48.33580401 48.33584967 48.33589675 48.33576141 48.33580085
 48.33577249 48.33588685 48.33583088 48.33586055] drones next lon [14.32675045 14.32672159 14.32667642 14.32659477 14.32668545 14.32664313
 14.32661536 14.3266603  14.3266091  14.32656216] 
WayPoint_Count 29 

Leader Index 3 

Leader Contour 155.5 

Contour Threshold 90 

Converging Before Rutherford Scattering [ 6.74246715  3.59002229  1.29691189 -3.01268334  1.56152117 -1.6982276
 -2.22371072 -1.24855712 -2.32440826 -5.80528745]_[ 1.64655693 -1.51006337  1.89548057  5.96711064 -7.25469961 -1.80114869
 -4.06467178  6.92864727  0.5909158   3.8997573 ] 

Minimum Distance Within Rutherford Scattering 4.2 

Converging After Rutherford Scattering [ 7.71344672  4.35609832  1.87519076 -3.7891415   1.90904268 -1.62139349
 -3.02973149 -0.33343349 -3.07355841 -7.12847209]_[ 1.9635552  -2.07211164  2.45404844  6.62055435 -8.15664553 -2.2116761
 -5.53585176  8.2028612   1.06779555  3.96535535] 

drones next lat [48.33585428 48.33581771 48.33585823 48.33589526 48.33576278 48.33581598
 48.33578596 48.33590977 48.33584537 48.33587111] drones next lon [14.32674784 14.32670302 14.32666901 14.32659209 14.32667072 14.32662239
 14.32660378 14.32663853 14.3266024  14.32654735] 
WayPoint_Count 30 

Leader Index 3 

Leader Contour 147.0 

Contour Threshold 90 

Converging Before Rutherford Scattering [ 4.86877283  1.99040073 -0.63205471 -4.77967079  1.78802975 -1.16858442
 -3.42884531 -1.29267014 -2.54070832 -6.31219133]_[ 2.57911535 -0.55246582  4.08285838  6.48325279 -5.48949379 -0.63806331
 -2.57813208  7.88186365  2.43632643  4.54771212] 

Minimum Distance Within Rutherford Scattering 4.2 

Converging After Rutherford Scattering [ 5.95262379  3.04130123  0.23355933 -5.33886958  2.15467596 -1.14244653
 -4.4560816  -0.84686086 -3.31662591 -7.78879755]_[ 2.93536566 -0.98052784  4.70203952  7.67957051 -6.46973048 -1.23060699
 -3.6806065   9.18635089  2.31173619  4.29938275] 

drones next lat [48.33586288 48.33582742 48.33587832 48.33590467 48.33577797 48.33582484
 48.33580254 48.33591858 48.33585654 48.33587406] drones next lon [14.32672397 14.32668515 14.32664659 14.32657106 14.32667384 14.32662873
 14.32658431 14.32663149 14.32659898 14.3265384 ] 
WayPoint_Count 31 

Leader Index 3 

Leader Contour 95.0 

Contour Threshold 90 

Converging Before Rutherford Scattering [ 3.56746609  1.61618321 -2.01333904 -4.60988027  1.92116783 -1.85959931
 -3.77332587 -2.34939943 -3.12538235 -5.96835087]_[ 2.869246   -0.54268708  6.52024989  8.36409558 -3.99064652  1.5696092
 -1.14049739  7.63103905  4.62670466  5.15604915] 

Minimum Distance Within Rutherford Scattering 4.2 

Converging After Rutherford Scattering [ 4.6954233   2.32551965 -0.49503575 -5.88932314  2.30132101 -1.69262153
 -4.64040424 -1.77883852 -3.73266855 -7.68783224]_[ 3.23873908 -0.9552952   6.47534792  9.70488025 -5.19048243  0.9784943
 -2.25936286  9.85300697  4.18373454  5.03409998] 

drones next lat [48.33586551 48.33582759 48.33589422 48.33592284 48.33578949 48.33584467
 48.33581531 48.3359245  48.33587334 48.33588068] drones next lon [14.32670697 14.32667549 14.32663655 14.32656339 14.32667567 14.32662105
 14.32658166 14.32661883 14.32659314 14.32653968] 
WayPoint_Count 32 

Leader Index 6 

Leader Contour 134.5 

Contour Threshold 90 

Converging Before Rutherford Scattering [ 2.04354686 -0.18121059 -2.1576408  -6.29527789  1.06500466 -2.20164664
 -3.82881293 -2.31595935 -3.36260881 -7.44832966]_[ 1.85255271 -2.16441406  5.26163885  8.50530446 -3.6171627  -1.04701992
 -2.84358845  8.90359859  2.96401747  4.0357317 ] 

Minimum Distance Within Rutherford Scattering 4.2 

Converging After Rutherford Scattering [ 3.17617292  0.48458174 -1.47730336 -7.05137355  2.34160093 -2.75102607
 -5.01637437 -1.8765398  -3.89910532 -8.61356827]_[ 2.2138417  -2.35841145  5.94975345  9.33403454 -5.25101267 -0.87662671
 -4.1584863  10.13854696  2.86900911  3.99001001] 

drones next lat [48.33585617 48.33581482 48.33588941 48.33591941 48.33578895 48.3358279
 48.3357982  48.33592706 48.3358615  48.33587122] drones next lon [14.32668659 14.32665082 14.32662336 14.32654775 14.32667622 14.32660699
 14.32657681 14.32661748 14.32659105 14.32652731] 
WayPoint_Count 33 

Leader Index 3 

Leader Contour 105.5 

Contour Threshold 90 

Converging Before Rutherford Scattering [ 2.53464223  0.40097639 -3.70232743 -7.52567292  0.26786505 -4.21207584
 -5.26894492 -4.32526342 -4.44735879 -7.99962539]_[ 3.37236331 -0.6927523   6.13079689 10.21439816 -3.43453429  0.23780651
 -1.18189836  8.94995509  3.72211876  6.90827599] 

Minimum Distance Within Rutherford Scattering 4.2 

Converging After Rutherford Scattering [ 3.45525394  1.14732452 -2.86409545 -8.27815671  0.64631895 -3.9370845
 -6.48402822 -3.80702032 -4.98167394 -9.1746233 ]_[ 3.75932686 -0.69135048  6.59299831 11.39090881 -4.77033743  0.01965896
 -2.64689485 10.28813275  3.52391496  6.76017188] 

drones next lat [48.33587009 48.33582987 48.33589509 48.33593782 48.33579314 48.33583587
 48.33581168 48.33592825 48.33586731 48.33589609] drones next lon [14.32669017 14.32665956 14.32660458 14.32653096 14.32665329 14.32659088
 14.32655683 14.32659141 14.32657637 14.32651941] 
WayPoint_Count 34 

Leader Index 4 

Leader Contour 114.0 

Contour Threshold 90 

Converging Before Rutherford Scattering [ 2.86859929  1.80169906 -1.66923832 -7.9868988  -0.31675685 -3.43556032
 -4.98646241 -3.69982506 -3.28076404 -7.03401923]_[ 0.86043977 -3.11603167  5.47868229 10.37742637 -5.0395678  -0.95259962
 -4.12560157  7.4823225   1.05286184  4.70089915] 

Minimum Distance Within Rutherford Scattering 4.2 

Converging After Rutherford Scattering [ 3.77056727  2.82113679 -0.75857796 -8.51018038 -0.28817891 -3.71768593
 -5.89857239 -3.79154403 -3.37994875 -7.98624239]_[ 1.2560533  -3.42674296  5.8323572  11.07763004 -6.26435041 -1.68937504
 -5.12613268  8.55856054  1.77564676  4.72518452] 

drones next lat [48.3358476  48.3358054  48.33588841 48.33593498 48.33577963 48.33582051
 48.33578942 48.3359127  48.33585171 48.33587788] drones next lon [14.32669473 14.32668247 14.32663307 14.32652786 14.32664085 14.32659404
 14.32656502 14.32659183 14.32659819 14.32653569] 
WayPoint_Count 35 

Leader Index 3 

Leader Contour 144.5 

Contour Threshold 90 

Converging Before Rutherford Scattering [ 1.66669413  1.73299097 -3.06693535 -9.01710417 -0.61689473 -4.91504442
 -7.11363288 -4.61398593 -5.16537468 -8.3507139 ]_[ 3.34562103 -0.86097808  7.71146952 10.21563916 -3.60798074 -0.68613721
 -3.59400655  9.16450839  2.95393846  7.69819729] 

Minimum Distance Within Rutherford Scattering 4.2 

Converging After Rutherford Scattering [ 2.37268746  2.58506121 -2.03584593 -9.83796309 -0.45034079 -5.0149263
 -7.83117969 -4.68014514 -5.45136647 -9.11598223]_[ 3.74202309 -1.10924953  7.69165056 11.35530706 -4.56890909 -1.06479968
 -4.43718349 10.43387714  3.06882329  7.22873192] 

drones next lat [48.33586985 48.33582623 48.33590504 48.33593738 48.33579486 48.33582603
 48.33579547 48.3359295  48.33586318 48.33590031] drones next lon [14.32667557 14.32667901 14.32661562 14.32650992 14.32663847 14.32657646
 14.32653886 14.32657962 14.32657008 14.32652015] 
WayPoint_Count 36 

Leader Index 4 

Leader Contour 74.5 

Contour Threshold 90 

Previous Drone Positions [ 2.37268746  2.58506121 -2.03584593 -9.83796309 -0.45034079 -5.0149263
 -7.83117969 -4.68014514 -5.45136647 -9.11598223]_[ 3.74202309 -1.10924953  7.69165056 11.35530706 -4.56890909 -1.06479968
 -4.43718349 10.43387714  3.06882329  7.22873192] 

Mean Previous Drone Positions [-3.9460001 -3.9460001 -3.9460001 -3.9460001 -3.9460001 -3.9460001
 -3.9460001 -3.9460001 -3.9460001 -3.9460001]_[3.23402713 3.23402713 3.23402713 3.23402713 3.23402713 3.23402713
 3.23402713 3.23402713 3.23402713 3.23402713] 

relative Drone Positions [ 18.9  14.7  10.5   6.3   2.1  -2.1  -6.3 -10.5 -14.7 -18.9]_[-0. -0. -0. -0.  0.  0.  0.  0.  0.  0.] 

current starting Drone Positions [ 14.9539999  10.7539999   6.5539999   2.3539999  -1.8460001  -6.0460001
 -10.2460001 -14.4460001 -18.6460001 -22.8460001]_[3.23402713 3.23402713 3.23402713 3.23402713 3.23402713 3.23402713
 3.23402713 3.23402713 3.23402713 3.23402713] 

scanning direction vector [0. 0. 0. 0. 0. 0. 0. 0. 0. 0.]_[2. 2. 2. 2. 2. 2. 2. 2. 2. 2.] 

changing back speed 0.3 

velocity vector [ 3.77439373  2.45068161  2.57695375  3.6575889  -0.41869779 -0.30932214
 -0.72444612 -2.92975649 -3.95839009 -4.11900536]_[ 1.84760121  3.302983    0.66271297 -0.43638398  4.34088087  3.28964804
  4.30136318 -0.159955    2.04956115  0.80158856] 

Moving Straight [  6.14708119   5.03574282   0.54110782  -6.1803742   -0.86903858
  -5.32424844  -8.55562581  -7.60990163  -9.40975656 -13.23498759]_[ 5.5896243   2.19373347  8.35436353 10.91892308 -0.22802823  2.22484836
 -0.1358203  10.27392213  5.11838444  8.03032049] 

drones next lat [48.33588677 48.33585613 48.3359112  48.33593374 48.33583388 48.3358556
 48.3358341  48.33592783 48.3358813  48.3359072 ] drones next lon [14.32672628 14.32671168 14.32665031 14.32655932 14.3266323  14.3265719
 14.32652858 14.32654011 14.32651643 14.32646448] 
WayPoint_Count 37 

Leader Index 5 

Leader Contour 106.5 

Contour Threshold 90 

Converging Before Rutherford Scattering [  4.42649967   2.03848349  -1.67541661  -6.96939852  -1.64784149
  -6.14353588  -5.98924297  -7.95402618  -6.89402738 -10.71543536]_[4.04661177 2.27360383 7.46143601 8.75611553 0.96647798 2.79823138
 0.736108   7.8949146  3.4942259  7.26782104] 

Minimum Distance Within Rutherford Scattering 4.2 

Converging After Rutherford Scattering [  5.56886488   2.57813967  -1.07230585  -6.10810725  -1.253443
  -5.16041417  -6.50516543  -8.66124641  -8.48665594 -12.42360774]_[ 4.49014517  1.78388745  8.08404202 10.52196136  0.14674006  2.55960987
 -1.1932483   8.07629451  3.76323193  7.46288195] 

drones next lat [48.33587684 48.33585225 48.33590864 48.33593018 48.33583722 48.33585862
 48.33582475 48.33590797 48.33586919 48.33590216] drones next lon [14.32671861 14.32667857 14.32662857 14.32656034 14.32662707 14.32657407
 14.32655637 14.32652618 14.32652905 14.32647549] 
WayPoint_Count 38 

Leader Index 4 

Leader Contour 70.5 

Contour Threshold 90 

Previous Drone Positions [  5.56886488   2.57813967  -1.07230585  -6.10810725  -1.253443
  -5.16041417  -6.50516543  -8.66124641  -8.48665594 -12.42360774]_[ 4.49014517  1.78388745  8.08404202 10.52196136  0.14674006  2.55960987
 -1.1932483   8.07629451  3.76323193  7.46288195] 

Mean Previous Drone Positions [-4.15239412 -4.15239412 -4.15239412 -4.15239412 -4.15239412 -4.15239412
 -4.15239412 -4.15239412 -4.15239412 -4.15239412]_[4.5695546 4.5695546 4.5695546 4.5695546 4.5695546 4.5695546 4.5695546
 4.5695546 4.5695546 4.5695546] 

relative Drone Positions [ 18.9  14.7  10.5   6.3   2.1  -2.1  -6.3 -10.5 -14.7 -18.9]_[-0. -0. -0. -0.  0.  0.  0.  0.  0.  0.] 

current starting Drone Positions [ 14.74760588  10.54760588   6.34760588   2.14760588  -2.05239412
  -6.25239412 -10.45239412 -14.65239412 -18.85239412 -23.05239412]_[4.5695546 4.5695546 4.5695546 4.5695546 4.5695546 4.5695546 4.5695546
 4.5695546 4.5695546 4.5695546] 

scanning direction vector [0. 0. 0. 0. 0. 0. 0. 0. 0. 0.]_[2. 2. 2. 2. 2. 2. 2. 2. 2. 2.] 

changing back speed 0.3 

velocity vector [ 2.7536223   2.39083986  2.22597352  2.47671394 -0.23968534 -0.32759399
 -1.18416861 -1.79734431 -3.10972145 -3.18863592]_[2.02382283 2.83570015 0.94565378 0.21427797 3.32684436 2.60298342
 3.72884087 0.94797803 2.2418968  1.13200179] 

Moving Straight [  8.32248718   4.96897953   1.15366767  -3.63139331  -1.49312834
  -5.48800816  -7.68933404 -10.45859073 -11.5963774  -15.61224365]_[ 6.513968    4.6195876   9.02969579 10.73623933  3.47358442  5.16259329
  2.53559257  9.02427254  6.00512874  8.59488375] 

drones next lat [48.33589526 48.33587795 48.33591732 48.3359323  48.33586713 48.33588201
 48.33585821 48.33591636 48.33588911 48.33591209] drones next lon [14.32675552 14.3267105  14.3266585  14.32659373 14.32662344 14.32656934
 14.32653995 14.32650182 14.32648682 14.32643233] 
WayPoint_Count 39 

Leader Index 5 

Leader Contour 56.0 

Contour Threshold 90 

Previous Drone Positions [  8.32248718   4.96897953   1.15366767  -3.63139331  -1.49312834
  -5.48800816  -7.68933404 -10.45859073 -11.5963774  -15.61224365]_[ 6.513968    4.6195876   9.02969579 10.73623933  3.47358442  5.16259329
  2.53559257  9.02427254  6.00512874  8.59488375] 

Mean Previous Drone Positions [-4.15239412 -4.15239412 -4.15239412 -4.15239412 -4.15239412 -4.15239412
 -4.15239412 -4.15239412 -4.15239412 -4.15239412]_[6.5695546 6.5695546 6.5695546 6.5695546 6.5695546 6.5695546 6.5695546
 6.5695546 6.5695546 6.5695546] 

relative Drone Positions [ 18.9  14.7  10.5   6.3   2.1  -2.1  -6.3 -10.5 -14.7 -18.9]_[-0. -0. -0. -0.  0.  0.  0.  0.  0.  0.] 

current starting Drone Positions [ 14.74760588  10.54760588   6.34760588   2.14760588  -2.05239412
  -6.25239412 -10.45239412 -14.65239412 -18.85239412 -23.05239412]_[6.5695546 6.5695546 6.5695546 6.5695546 6.5695546 6.5695546 6.5695546
 6.5695546 6.5695546 6.5695546] 

scanning direction vector [0. 0. 0. 0. 0. 0. 0. 0. 0. 0.]_[2. 2. 2. 2. 2. 2. 2. 2. 2. 2.] 

changing back speed 0.3 

velocity vector [ 1.92753561  1.6735879   1.55818146  1.73369976 -0.16777974 -0.22931579
 -0.82891802 -1.25814102 -2.17680502 -2.23204514]_[2.01667598 2.5849901  1.26195764 0.74999458 2.92879105 2.42208839
 3.21018861 1.26358462 2.16932776 1.39240126] 

Moving Straight [ 10.25002279   6.64256744   2.71184913  -1.89769356  -1.66090807
  -5.71732395  -8.51825207 -11.71673174 -13.77318242 -17.84428879]_[ 8.53064398  7.2045777  10.29165344 11.48623391  6.40237548  7.58468168
  5.74578118 10.28785716  8.1744565   9.987285  ] 

drones next lat [48.33591355 48.33590134 48.3359288  48.33593918 48.33589347 48.33590378
 48.33588702 48.33592763 48.33590845 48.33592444] drones next lon [14.32678129 14.32673277 14.32667937 14.32661703 14.32662083 14.32656596
 14.32652839 14.32648469 14.3264572  14.32640205] 
WayPoint_Count 40 

Leader Index 4 

Leader Contour 45.5 

Contour Threshold 90 

Previous Drone Positions [ 10.25002279   6.64256744   2.71184913  -1.89769356  -1.66090807
  -5.71732395  -8.51825207 -11.71673174 -13.77318242 -17.84428879]_[ 8.53064398  7.2045777  10.29165344 11.48623391  6.40237548  7.58468168
  5.74578118 10.28785716  8.1744565   9.987285  ] 

Mean Previous Drone Positions [-4.15239412 -4.15239412 -4.15239412 -4.15239412 -4.15239412 -4.15239412
 -4.15239412 -4.15239412 -4.15239412 -4.15239412]_[8.5695546 8.5695546 8.5695546 8.5695546 8.5695546 8.5695546 8.5695546
 8.5695546 8.5695546 8.5695546] 

relative Drone Positions [ 18.9  14.7  10.5   6.3   2.1  -2.1  -6.3 -10.5 -14.7 -18.9]_[-0. -0. -0. -0.  0.  0.  0.  0.  0.  0.] 

current starting Drone Positions [ 14.74760588  10.54760588   6.34760588   2.14760588  -2.05239412
  -6.25239412 -10.45239412 -14.65239412 -18.85239412 -23.05239412]_[8.5695546 8.5695546 8.5695546 8.5695546 8.5695546 8.5695546 8.5695546
 8.5695546 8.5695546 8.5695546] 

scanning direction vector [0. 0. 0. 0. 0. 0. 0. 0. 0. 0.]_[2. 2. 2. 2. 2. 2. 2. 2. 2. 2.] 

changing back speed 0.3 

velocity vector [ 1.34927493  1.17151153  1.09072702  1.21358983 -0.11744582 -0.16052105
 -0.58024262 -0.88069871 -1.52376351 -1.5624316 ]_[2.01167319 2.40949307 1.48337035 1.12499621 2.65015374 2.29546188
 2.84713203 1.48450923 2.11852943 1.57468088] 

Moving Straight [ 11.59929772   7.81407897   3.80257616  -0.68410373  -1.77835389
  -5.877845    -9.09849468 -12.59743046 -15.29694593 -19.40672039]_[10.54231717  9.61407077 11.77502379 12.61123012  9.05252921  9.88014356
  8.59291321 11.77236639 10.29298593 11.56196588] 

drones next lat [48.33593176 48.33592311 48.33594223 48.3359494  48.3359173  48.33592442
 48.33591259 48.33594091 48.33592739 48.33593848] drones next lon [14.32679926 14.32674829 14.32669391 14.32663328 14.32661893 14.32656352
 14.32652022 14.32647263 14.32643639 14.32638078] 
WayPoint_Count 41 

Leader Index 4 

Leader Contour 58.0 

Contour Threshold 90 

Previous Drone Positions [ 11.59929772   7.81407897   3.80257616  -0.68410373  -1.77835389
  -5.877845    -9.09849468 -12.59743046 -15.29694593 -19.40672039]_[10.54231717  9.61407077 11.77502379 12.61123012  9.05252921  9.88014356
  8.59291321 11.77236639 10.29298593 11.56196588] 

Mean Previous Drone Positions [-4.15239412 -4.15239412 -4.15239412 -4.15239412 -4.15239412 -4.15239412
 -4.15239412 -4.15239412 -4.15239412 -4.15239412]_[10.5695546 10.5695546 10.5695546 10.5695546 10.5695546 10.5695546
 10.5695546 10.5695546 10.5695546 10.5695546] 

relative Drone Positions [ 18.9  14.7  10.5   6.3   2.1  -2.1  -6.3 -10.5 -14.7 -18.9]_[-0. -0. -0. -0.  0.  0.  0.  0.  0.  0.] 

current starting Drone Positions [ 14.74760588  10.54760588   6.34760588   2.14760588  -2.05239412
  -6.25239412 -10.45239412 -14.65239412 -18.85239412 -23.05239412]_[10.5695546 10.5695546 10.5695546 10.5695546 10.5695546 10.5695546
 10.5695546 10.5695546 10.5695546 10.5695546] 

scanning direction vector [0. 0. 0. 0. 0. 0. 0. 0. 0. 0.]_[2. 2. 2. 2. 2. 2. 2. 2. 2. 2.] 

changing back speed 0.3 

velocity vector [ 0.94449245  0.82005807  0.76350892  0.84951288 -0.08221207 -0.11236474
 -0.40616983 -0.6164891  -1.06663446 -1.09370212]_[2.00817123 2.28664515 1.63835924 1.38749734 2.45510762 2.20682331
 2.59299242 1.63915646 2.0829706  1.70227662] 

Moving Straight [ 12.54379016   8.63413704   4.56608507   0.16540915  -1.86056596
  -5.99020974  -9.50466452 -13.21391956 -16.36358039 -20.50042251]_[12.5504884  11.90071592 13.41338303 13.99872747 11.50763683 12.08696687
 11.18590563 13.41152285 12.37595653 13.2642425 ] 

drones next lat [48.3359499  48.33594374 48.33595703 48.33596195 48.33593938 48.33594426
 48.33593588 48.33595561 48.33594604 48.33595371] drones next lon [14.32681176 14.32675909 14.32670402 14.32664457 14.32661753 14.32656174
 14.32651443 14.32646412 14.32642175 14.32636583] 
WayPoint_Count 42 

Leader Index 5 

Leader Contour 88.0 

Contour Threshold 90 

Previous Drone Positions [ 12.54379016   8.63413704   4.56608507   0.16540915  -1.86056596
  -5.99020974  -9.50466452 -13.21391956 -16.36358039 -20.50042251]_[12.5504884  11.90071592 13.41338303 13.99872747 11.50763683 12.08696687
 11.18590563 13.41152285 12.37595653 13.2642425 ] 

Mean Previous Drone Positions [-4.15239412 -4.15239412 -4.15239412 -4.15239412 -4.15239412 -4.15239412
 -4.15239412 -4.15239412 -4.15239412 -4.15239412]_[12.5695546 12.5695546 12.5695546 12.5695546 12.5695546 12.5695546
 12.5695546 12.5695546 12.5695546 12.5695546] 

relative Drone Positions [ 18.9  14.7  10.5   6.3   2.1  -2.1  -6.3 -10.5 -14.7 -18.9]_[-0. -0. -0. -0.  0.  0.  0.  0.  0.  0.] 

current starting Drone Positions [ 14.74760588  10.54760588   6.34760588   2.14760588  -2.05239412
  -6.25239412 -10.45239412 -14.65239412 -18.85239412 -23.05239412]_[12.5695546 12.5695546 12.5695546 12.5695546 12.5695546 12.5695546
 12.5695546 12.5695546 12.5695546 12.5695546] 

scanning direction vector [0. 0. 0. 0. 0. 0. 0. 0. 0. 0.]_[2. 2. 2. 2. 2. 2. 2. 2. 2. 2.] 

changing back speed 0.3 

velocity vector [ 0.66114471  0.57404065  0.53445624  0.59465902 -0.05754845 -0.07865532
 -0.28431888 -0.43154237 -0.74664412 -0.76559148]_[2.00571986 2.2006516  1.74685147 1.57124814 2.31857533 2.14477632
 2.41509469 1.74740952 2.05807942 1.79159363] 

Moving Straight [ 13.20493488   9.20817769   5.10054131   0.76006817  -1.91811441
  -6.06886505  -9.7889834  -13.64546193 -17.11022451 -21.266014  ]_[14.55620826 14.10136752 15.1602345  15.56997561 13.82621216 14.23174319
 13.60100032 15.15893238 14.43403595 15.05583613] 

drones next lat [48.33596799 48.33596359 48.33597279 48.33597613 48.33596023 48.33596355
 48.33595758 48.33597129 48.3359645  48.33596976] drones next lon [14.32682044 14.32676657 14.32671102 14.32665241 14.32661648 14.32656043
 14.32651031 14.32645809 14.32641143 14.32635528] 
WayPoint_Count 43 

Leader Index 5 

Leader Contour 59.0 

Contour Threshold 90 

Previous Drone Positions [ 13.20493488   9.20817769   5.10054131   0.76006817  -1.91811441
  -6.06886505  -9.7889834  -13.64546193 -17.11022451 -21.266014  ]_[14.55620826 14.10136752 15.1602345  15.56997561 13.82621216 14.23174319
 13.60100032 15.15893238 14.43403595 15.05583613] 

Mean Previous Drone Positions [-4.15239412 -4.15239412 -4.15239412 -4.15239412 -4.15239412 -4.15239412
 -4.15239412 -4.15239412 -4.15239412 -4.15239412]_[14.5695546 14.5695546 14.5695546 14.5695546 14.5695546 14.5695546
 14.5695546 14.5695546 14.5695546 14.5695546] 

relative Drone Positions [ 18.9  14.7  10.5   6.3   2.1  -2.1  -6.3 -10.5 -14.7 -18.9]_[-0. -0. -0. -0.  0.  0.  0.  0.  0.  0.] 

current starting Drone Positions [ 14.74760588  10.54760588   6.34760588   2.14760588  -2.05239412
  -6.25239412 -10.45239412 -14.65239412 -18.85239412 -23.05239412]_[14.5695546 14.5695546 14.5695546 14.5695546 14.5695546 14.5695546
 14.5695546 14.5695546 14.5695546 14.5695546] 

scanning direction vector [0. 0. 0. 0. 0. 0. 0. 0. 0. 0.]_[2. 2. 2. 2. 2. 2. 2. 2. 2. 2.] 

changing back speed 0.3 

velocity vector [ 0.4628013   0.40182846  0.37411937  0.41626131 -0.04028391 -0.05505872
 -0.19902322 -0.30207966 -0.52265088 -0.53591404]_[2.0040039  2.14045612 1.82279603 1.6998737  2.22300273 2.10134342
 2.29056629 1.82318667 2.0406556  1.85411554] 

Moving Straight [ 13.66773618   9.61000615   5.47466068   1.17632948  -1.95839832
  -6.12392377  -9.98800662 -13.94754159 -17.63287539 -21.80192803]_[16.56021216 16.24182365 16.98303053 17.26984931 16.04921489 16.33308661
 15.8915666  16.98211905 16.47469155 16.90995167] 

drones next lat [48.33598606 48.33598287 48.33598921 48.33599146 48.33598023 48.33598245
 48.33597817 48.33598767 48.33598282 48.3359864 ] drones next lon [14.32682645 14.32677174 14.32671586 14.32665783 14.32661567 14.32655944
 14.32650735 14.3264538  14.32640414 14.32634783] 
WayPoint_Count 44 

Leader Index 2 

Leader Contour 39.0 

Contour Threshold 90 

Previous Drone Positions [ 13.66773618   9.61000615   5.47466068   1.17632948  -1.95839832
  -6.12392377  -9.98800662 -13.94754159 -17.63287539 -21.80192803]_[16.56021216 16.24182365 16.98303053 17.26984931 16.04921489 16.33308661
 15.8915666  16.98211905 16.47469155 16.90995167] 

Mean Previous Drone Positions [-4.15239412 -4.15239412 -4.15239412 -4.15239412 -4.15239412 -4.15239412
 -4.15239412 -4.15239412 -4.15239412 -4.15239412]_[16.5695546 16.5695546 16.5695546 16.5695546 16.5695546 16.5695546
 16.5695546 16.5695546 16.5695546 16.5695546] 

relative Drone Positions [ 18.9  14.7  10.5   6.3   2.1  -2.1  -6.3 -10.5 -14.7 -18.9]_[-0. -0. -0. -0.  0.  0.  0.  0.  0.  0.] 

current starting Drone Positions [ 14.74760588  10.54760588   6.34760588   2.14760588  -2.05239412
  -6.25239412 -10.45239412 -14.65239412 -18.85239412 -23.05239412]_[16.5695546 16.5695546 16.5695546 16.5695546 16.5695546 16.5695546
 16.5695546 16.5695546 16.5695546 16.5695546] 

scanning direction vector [0. 0. 0. 0. 0. 0. 0. 0. 0. 0.]_[2. 2. 2. 2. 2. 2. 2. 2. 2. 2.] 

changing back speed 0.3 

velocity vector [ 0.32396091  0.28127992  0.26188356  0.29138292 -0.02819874 -0.0385411
 -0.13931625 -0.21145576 -0.36585562 -0.37513983]_[2.00280273 2.09831929 1.87595722 1.78991159 2.15610191 2.0709404
 2.2033964  1.87623067 2.02845892 1.89788088] 

Moving Straight [ 13.99169709   9.89128607   5.73654424   1.4677124   -1.98659706
  -6.16246488 -10.12732287 -14.15899735 -17.99873101 -22.17706786]_[18.56301489 18.34014293 18.85898775 19.05976089 18.20531681 18.40402701
 18.094963   18.85834971 18.50315046 18.80783255] 

drones next lat [48.3360041  48.33600177 48.33600611 48.33600758 48.33599962 48.33600108
 48.33599799 48.33600453 48.33600104 48.33600345] drones next lon [14.32683058 14.32677529 14.32671917 14.32666155 14.32661504 14.32655867
 14.32650521 14.32645072 14.32639896 14.32634255] 
WayPoint_Count 45 

Leader Index 5 

Leader Contour 85.0 

Contour Threshold 90 

Previous Drone Positions [ 13.99169709   9.89128607   5.73654424   1.4677124   -1.98659706
  -6.16246488 -10.12732287 -14.15899735 -17.99873101 -22.17706786]_[18.56301489 18.34014293 18.85898775 19.05976089 18.20531681 18.40402701
 18.094963   18.85834971 18.50315046 18.80783255] 

Mean Previous Drone Positions [-4.15239412 -4.15239412 -4.15239412 -4.15239412 -4.15239412 -4.15239412
 -4.15239412 -4.15239412 -4.15239412 -4.15239412]_[18.5695546 18.5695546 18.5695546 18.5695546 18.5695546 18.5695546
 18.5695546 18.5695546 18.5695546 18.5695546] 

relative Drone Positions [ 18.9  14.7  10.5   6.3   2.1  -2.1  -6.3 -10.5 -14.7 -18.9]_[-0. -0. -0. -0.  0.  0.  0.  0.  0.  0.] 

current starting Drone Positions [ 14.74760588  10.54760588   6.34760588   2.14760588  -2.05239412
  -6.25239412 -10.45239412 -14.65239412 -18.85239412 -23.05239412]_[18.5695546 18.5695546 18.5695546 18.5695546 18.5695546 18.5695546
 18.5695546 18.5695546 18.5695546 18.5695546] 

scanning direction vector [0. 0. 0. 0. 0. 0. 0. 0. 0. 0.]_[2. 2. 2. 2. 2. 2. 2. 2. 2. 2.] 

changing back speed 0.3 

velocity vector [ 0.22677264  0.19689594  0.18331849  0.20396804 -0.01973912 -0.02697877
 -0.09752138 -0.14801903 -0.25609893 -0.26259788]_[2.00196191 2.0688235  1.91317005 1.85293811 2.10927134 2.04965828
 2.14237748 1.91336147 2.01992124 1.92851662] 

Moving Straight [ 14.21846972  10.08818201   5.91986273   1.67168044  -2.00633618
  -6.18944365 -10.22484425 -14.30701638 -18.25482995 -22.43966574]_[20.56497681 20.40896643 20.77215781 20.91269901 20.31458815 20.45368529
 20.23734048 20.77171118 20.52307171 20.73634917] 

drones next lat [48.33602213 48.3360204  48.33602334 48.33602427 48.33601859 48.33601952
 48.33601725 48.33602174 48.33601919 48.33602077] drones next lon [14.32683341 14.3267777  14.32672141 14.32666408 14.32661452 14.32655807
 14.32650364 14.3264485  14.32639526 14.32633877] 
WayPoint_Count 46 

Leader Index 3 

Leader Contour 65.5 

Contour Threshold 90 

Previous Drone Positions [ 14.21846972  10.08818201   5.91986273   1.67168044  -2.00633618
  -6.18944365 -10.22484425 -14.30701638 -18.25482995 -22.43966574]_[20.56497681 20.40896643 20.77215781 20.91269901 20.31458815 20.45368529
 20.23734048 20.77171118 20.52307171 20.73634917] 

Mean Previous Drone Positions [-4.15239412 -4.15239412 -4.15239412 -4.15239412 -4.15239412 -4.15239412
 -4.15239412 -4.15239412 -4.15239412 -4.15239412]_[20.5695546 20.5695546 20.5695546 20.5695546 20.5695546 20.5695546
 20.5695546 20.5695546 20.5695546 20.5695546] 

relative Drone Positions [ 18.9  14.7  10.5   6.3   2.1  -2.1  -6.3 -10.5 -14.7 -18.9]_[-0. -0. -0. -0.  0.  0.  0.  0.  0.  0.] 

current starting Drone Positions [ 14.74760588  10.54760588   6.34760588   2.14760588  -2.05239412
  -6.25239412 -10.45239412 -14.65239412 -18.85239412 -23.05239412]_[20.5695546 20.5695546 20.5695546 20.5695546 20.5695546 20.5695546
 20.5695546 20.5695546 20.5695546 20.5695546] 

scanning direction vector [0. 0. 0. 0. 0. 0. 0. 0. 0. 0.]_[2. 2. 2. 2. 2. 2. 2. 2. 2. 2.] 

changing back speed 0.3 

velocity vector [ 0.15874085  0.13782716  0.12832294  0.14277763 -0.01381738 -0.01888514
 -0.06826496 -0.10361332 -0.17926925 -0.18381852]_[2.00137334 2.04817645 1.93921904 1.89705668 2.07648994 2.03476079
 2.09966424 1.93935303 2.01394487 1.94996163] 

Moving Straight [ 14.37721057  10.22600917   6.04818567   1.81445807  -2.02015356
  -6.20832879 -10.29310921 -14.4106297  -18.4340992  -22.62348426]_[22.56635015 22.45714289 22.71137685 22.80975569 22.39107808 22.48844608
 22.33700472 22.71106421 22.53701657 22.6863108 ] 

drones next lat [48.33604015 48.33603884 48.33604079 48.33604134 48.33603727 48.33603782
 48.33603613 48.33603917 48.33603729 48.3360383 ] drones next lon [14.32683531 14.32677931 14.32672292 14.32666578 14.32661409 14.32655757
 14.32650247 14.32644687 14.32639261 14.32633606] 
WayPoint_Count 47 

Leader Index 4 

Leader Contour 64.5 

Contour Threshold 90 

Previous Drone Positions [ 14.37721057  10.22600917   6.04818567   1.81445807  -2.02015356
  -6.20832879 -10.29310921 -14.4106297  -18.4340992  -22.62348426]_[22.56635015 22.45714289 22.71137685 22.80975569 22.39107808 22.48844608
 22.33700472 22.71106421 22.53701657 22.6863108 ] 

Mean Previous Drone Positions [-4.15239412 -4.15239412 -4.15239412 -4.15239412 -4.15239412 -4.15239412
 -4.15239412 -4.15239412 -4.15239412 -4.15239412]_[22.5695546 22.5695546 22.5695546 22.5695546 22.5695546 22.5695546
 22.5695546 22.5695546 22.5695546 22.5695546] 

relative Drone Positions [ 18.9  14.7  10.5   6.3   2.1  -2.1  -6.3 -10.5 -14.7 -18.9]_[-0. -0. -0. -0.  0.  0.  0.  0.  0.  0.] 

current starting Drone Positions [ 14.74760588  10.54760588   6.34760588   2.14760588  -2.05239412
  -6.25239412 -10.45239412 -14.65239412 -18.85239412 -23.05239412]_[22.5695546 22.5695546 22.5695546 22.5695546 22.5695546 22.5695546
 22.5695546 22.5695546 22.5695546 22.5695546] 

scanning direction vector [0. 0. 0. 0. 0. 0. 0. 0. 0. 0.]_[2. 2. 2. 2. 2. 2. 2. 2. 2. 2.] 

changing back speed 0.3 

velocity vector [ 0.11111859  0.09647901  0.08982606  0.09994434 -0.00967217 -0.0132196
 -0.04778547 -0.07252933 -0.12548848 -0.12867296]_[2.00096134 2.03372352 1.95745333 1.92793968 2.05354296 2.02433256
 2.06976497 1.95754712 2.00976141 1.96497314] 

Moving Straight [ 14.48832916  10.32248818   6.13801173   1.91440241  -2.02982573
  -6.22154839 -10.34089468 -14.48315903 -18.55958768 -22.75215722]_[24.56731148 24.4908664  24.66883017 24.73769536 24.44462104 24.51277864
 24.40676968 24.66861133 24.54677798 24.65128394] 

drones next lat [48.33605815 48.33605714 48.33605841 48.33605869 48.33605575 48.33605603
 48.33605475 48.33605678 48.33605536 48.33605597] drones next lon [14.32683657 14.32678038 14.3267239  14.3266669  14.32661372 14.32655715
 14.32650158 14.32644566 14.32639068 14.32633409] 
WayPoint_Count 48 

Leader Index 4 

Leader Contour 64.5 

Contour Threshold 90 

Previous Drone Positions [ 14.48832916  10.32248818   6.13801173   1.91440241  -2.02982573
  -6.22154839 -10.34089468 -14.48315903 -18.55958768 -22.75215722]_[24.56731148 24.4908664  24.66883017 24.73769536 24.44462104 24.51277864
 24.40676968 24.66861133 24.54677798 24.65128394] 

Mean Previous Drone Positions [-4.15239412 -4.15239412 -4.15239412 -4.15239412 -4.15239412 -4.15239412
 -4.15239412 -4.15239412 -4.15239412 -4.15239412]_[24.5695546 24.5695546 24.5695546 24.5695546 24.5695546 24.5695546
 24.5695546 24.5695546 24.5695546 24.5695546] 

relative Drone Positions [ 18.9  14.7  10.5   6.3   2.1  -2.1  -6.3 -10.5 -14.7 -18.9]_[-0. -0. -0. -0.  0.  0.  0.  0.  0.  0.] 

current starting Drone Positions [ 14.74760588  10.54760588   6.34760588   2.14760588  -2.05239412
  -6.25239412 -10.45239412 -14.65239412 -18.85239412 -23.05239412]_[24.5695546 24.5695546 24.5695546 24.5695546 24.5695546 24.5695546
 24.5695546 24.5695546 24.5695546 24.5695546] 

scanning direction vector [0. 0. 0. 0. 0. 0. 0. 0. 0. 0.]_[2. 2. 2. 2. 2. 2. 2. 2. 2. 2.] 

changing back speed 0.3 

velocity vector [ 0.07778301  0.06753531  0.06287824  0.06996104 -0.00677052 -0.00925372
 -0.03344983 -0.05077053 -0.08784193 -0.09007107]_[2.00067294 2.02360646 1.97021733 1.94955777 2.03748007 2.01703279
 2.04883548 1.97028298 2.00683299 1.9754812 ] 

Moving Straight [ 14.56611218  10.39002349   6.20088998   1.98436345  -2.03659625
  -6.23080211 -10.37434452 -14.53392956 -18.64742961 -22.84222829]_[26.56798442 26.51447286 26.6390475  26.68725313 26.48210111 26.52981143
 26.45560516 26.63889431 26.55361097 26.62676514] 

drones next lat [48.33607616 48.33607535 48.33607614 48.33607624 48.33607408 48.33607417
 48.33607318 48.3360745  48.33607341 48.33607373] drones next lon [14.32683739 14.32678105 14.32672451 14.32666761 14.32661338 14.32655679
 14.32650089 14.32644474 14.32638925 14.32633265] 
WayPoint_Count 49 

Leader Index 6 

Leader Contour 74.0 

Contour Threshold 90 

Previous Drone Positions [ 14.56611218  10.39002349   6.20088998   1.98436345  -2.03659625
  -6.23080211 -10.37434452 -14.53392956 -18.64742961 -22.84222829]_[26.56798442 26.51447286 26.6390475  26.68725313 26.48210111 26.52981143
 26.45560516 26.63889431 26.55361097 26.62676514] 

Mean Previous Drone Positions [-4.15239412 -4.15239412 -4.15239412 -4.15239412 -4.15239412 -4.15239412
 -4.15239412 -4.15239412 -4.15239412 -4.15239412]_[26.5695546 26.5695546 26.5695546 26.5695546 26.5695546 26.5695546
 26.5695546 26.5695546 26.5695546 26.5695546] 

relative Drone Positions [ 18.9  14.7  10.5   6.3   2.1  -2.1  -6.3 -10.5 -14.7 -18.9]_[-0. -0. -0. -0.  0.  0.  0.  0.  0.  0.] 

current starting Drone Positions [ 14.74760588  10.54760588   6.34760588   2.14760588  -2.05239412
  -6.25239412 -10.45239412 -14.65239412 -18.85239412 -23.05239412]_[26.5695546 26.5695546 26.5695546 26.5695546 26.5695546 26.5695546
 26.5695546 26.5695546 26.5695546 26.5695546] 

scanning direction vector [0. 0. 0. 0. 0. 0. 0. 0. 0. 0.]_[2. 2. 2. 2. 2. 2. 2. 2. 2. 2.] 

changing back speed 0.3 

velocity vector [ 0.05444811  0.04727472  0.04401477  0.04897273 -0.00473936 -0.0064776
 -0.02341488 -0.03553937 -0.06148935 -0.06304975]_[2.00047106 2.01652452 1.97915213 1.96469044 2.02623605 2.01192295
 2.03418483 1.97919809 2.00478309 1.98283684] 

Moving Straight [ 14.62056029  10.43729821   6.24490475   2.03333618  -2.04133561
  -6.23727972 -10.3977594  -14.56946893 -18.70891896 -22.90527804]_[28.56845547 28.53099738 28.61819963 28.65194357 28.50833716 28.54173438
 28.48978999 28.6180924  28.55839406 28.60960198] 

drones next lat [48.33609416 48.33609349 48.33609395 48.33609392 48.3360923  48.33609227
 48.33609148 48.3360923  48.33609144 48.33609157] drones next lon [14.32683788 14.32678145 14.32672487 14.32666804 14.32661308 14.32655646
 14.32650033 14.32644403 14.32638819 14.32633156] 
WayPoint_Count 50 

Leader Index 5 

Leader Contour 71.0 

Contour Threshold 90 

Previous Drone Positions [ 14.62056029  10.43729821   6.24490475   2.03333618  -2.04133561
  -6.23727972 -10.3977594  -14.56946893 -18.70891896 -22.90527804]_[28.56845547 28.53099738 28.61819963 28.65194357 28.50833716 28.54173438
 28.48978999 28.6180924  28.55839406 28.60960198] 

Mean Previous Drone Positions [-4.15239412 -4.15239412 -4.15239412 -4.15239412 -4.15239412 -4.15239412
 -4.15239412 -4.15239412 -4.15239412 -4.15239412]_[28.5695546 28.5695546 28.5695546 28.5695546 28.5695546 28.5695546
 28.5695546 28.5695546 28.5695546 28.5695546] 

relative Drone Positions [ 18.9  14.7  10.5   6.3   2.1  -2.1  -6.3 -10.5 -14.7 -18.9]_[-0. -0. -0. -0.  0.  0.  0.  0.  0.  0.] 

current starting Drone Positions [ 14.74760588  10.54760588   6.34760588   2.14760588  -2.05239412
  -6.25239412 -10.45239412 -14.65239412 -18.85239412 -23.05239412]_[28.5695546 28.5695546 28.5695546 28.5695546 28.5695546 28.5695546
 28.5695546 28.5695546 28.5695546 28.5695546] 

scanning direction vector [0. 0. 0. 0. 0. 0. 0. 0. 0. 0.]_[2. 2. 2. 2. 2. 2. 2. 2. 2. 2.] 

changing back speed 0.3 

velocity vector [ 0.03811368  0.0330923   0.03081034  0.03428091 -0.00331755 -0.00453432
 -0.01639042 -0.02487756 -0.04304255 -0.04413483]_[2.00032974 2.01156717 1.98540649 1.97528331 2.01836523 2.00834607
 2.02392938 1.98543866 2.00334816 1.98798579] 

Moving Straight [ 14.65867396  10.47039051   6.27571509   2.06761709  -2.04465317
  -6.24181404 -10.41414982 -14.59434649 -18.75196151 -22.94941286]_[30.56878521 30.54256455 30.60360612 30.62722688 30.52670239 30.55008045
 30.51371938 30.60353106 30.56174222 30.59758777] 

drones next lat [48.33611216 48.33611159 48.33611181 48.33611169 48.33611046 48.33611034
 48.33610968 48.33611016 48.33610946 48.33610945] drones next lon [14.32683816 14.32678165 14.32672505 14.32666827 14.3266128  14.32655616
 14.32649987 14.32644346 14.32638737 14.32633073] 
WayPoint_Count 51 

Leader Index 4 

Leader Contour 56.0 

Contour Threshold 90 

Previous Drone Positions [ 14.65867396  10.47039051   6.27571509   2.06761709  -2.04465317
  -6.24181404 -10.41414982 -14.59434649 -18.75196151 -22.94941286]_[30.56878521 30.54256455 30.60360612 30.62722688 30.52670239 30.55008045
 30.51371938 30.60353106 30.56174222 30.59758777] 

Mean Previous Drone Positions [-4.15239412 -4.15239412 -4.15239412 -4.15239412 -4.15239412 -4.15239412
 -4.15239412 -4.15239412 -4.15239412 -4.15239412]_[30.5695546 30.5695546 30.5695546 30.5695546 30.5695546 30.5695546
 30.5695546 30.5695546 30.5695546 30.5695546] 

relative Drone Positions [ 18.9  14.7  10.5   6.3   2.1  -2.1  -6.3 -10.5 -14.7 -18.9]_[-0. -0. -0. -0.  0.  0.  0.  0.  0.  0.] 

current starting Drone Positions [ 14.74760588  10.54760588   6.34760588   2.14760588  -2.05239412
  -6.25239412 -10.45239412 -14.65239412 -18.85239412 -23.05239412]_[30.5695546 30.5695546 30.5695546 30.5695546 30.5695546 30.5695546
 30.5695546 30.5695546 30.5695546 30.5695546] 

scanning direction vector [0. 0. 0. 0. 0. 0. 0. 0. 0. 0.]_[2. 2. 2. 2. 2. 2. 2. 2. 2. 2.] 

changing back speed 0.3 

velocity vector [ 0.02667957  0.02316461  0.02156724  0.02399664 -0.00232229 -0.00317403
 -0.01147329 -0.01741429 -0.03012978 -0.03089438]_[2.00023082 2.00809702 1.98978454 1.98269832 2.01285566 2.00584225
 2.01675057 1.98980706 2.00234371 1.99159005] 

Moving Straight [ 14.68535354  10.49355512   6.29728232   2.09161372  -2.04697545
  -6.24498806 -10.42562311 -14.61176078 -18.7820913  -22.98030724]_[32.56901603 32.55066157 32.59339067 32.6099252  32.53955805 32.55592269
 32.53046994 32.59333812 32.56408594 32.58917782] 

drones next lat [48.33613015 48.33612966 48.33612971 48.33612953 48.33612857 48.33612838
 48.33612782 48.33612806 48.33612747 48.33612736] drones next lon [14.32683829 14.32678173 14.32672511 14.32666836 14.32661253 14.32655588
 14.32649948 14.32644299 14.32638672 14.32633008] 
WayPoint_Count 52 

Leader Index 3 

Leader Contour 31.0 

Contour Threshold 90 

Previous Drone Positions [ 14.68535354  10.49355512   6.29728232   2.09161372  -2.04697545
  -6.24498806 -10.42562311 -14.61176078 -18.7820913  -22.98030724]_[32.56901603 32.55066157 32.59339067 32.6099252  32.53955805 32.55592269
 32.53046994 32.59333812 32.56408594 32.58917782] 

Mean Previous Drone Positions [-4.15239412 -4.15239412 -4.15239412 -4.15239412 -4.15239412 -4.15239412
 -4.15239412 -4.15239412 -4.15239412 -4.15239412]_[32.5695546 32.5695546 32.5695546 32.5695546 32.5695546 32.5695546
 32.5695546 32.5695546 32.5695546 32.5695546] 

relative Drone Positions [ 18.9  14.7  10.5   6.3   2.1  -2.1  -6.3 -10.5 -14.7 -18.9]_[-0. -0. -0. -0.  0.  0.  0.  0.  0.  0.] 

current starting Drone Positions [ 14.74760588  10.54760588   6.34760588   2.14760588  -2.05239412
  -6.25239412 -10.45239412 -14.65239412 -18.85239412 -23.05239412]_[32.5695546 32.5695546 32.5695546 32.5695546 32.5695546 32.5695546
 32.5695546 32.5695546 32.5695546 32.5695546] 

scanning direction vector [0. 0. 0. 0. 0. 0. 0. 0. 0. 0.]_[2. 2. 2. 2. 2. 2. 2. 2. 2. 2.] 

changing back speed 0.3 

velocity vector [ 0.0186757   0.01621523  0.01509707  0.01679765 -0.0016256  -0.00222182
 -0.0080313  -0.01219    -0.02109085 -0.02162606]_[2.00016157 2.00566791 1.99284918 1.98788882 2.00899896 2.00408957
 2.0117254  1.99286494 2.0016406  1.99411304] 

Moving Straight [ 14.70402924  10.50977034   6.31237939   2.10841137  -2.04860105
  -6.24720988 -10.43365441 -14.62395078 -18.80318214 -23.00193331]_[34.5691776  34.55632948 34.58623985 34.59781402 34.54855702 34.56001227
 34.54219534 34.58620307 34.56572654 34.58329085] 

drones next lat [48.33614815 48.3361477  48.33614764 48.33614741 48.33614664 48.33614641
 48.33614592 48.33614599 48.33614547 48.3361453 ] drones next lon [14.3268383  14.32678171 14.32672507 14.32666835 14.32661227 14.32655561
 14.32649913 14.32644259 14.3263862  14.32632955] 
WayPoint_Count 53 

Leader Index 2 

Leader Contour 48.5 

Contour Threshold 90 

Previous Drone Positions [ 14.70402924  10.50977034   6.31237939   2.10841137  -2.04860105
  -6.24720988 -10.43365441 -14.62395078 -18.80318214 -23.00193331]_[34.5691776  34.55632948 34.58623985 34.59781402 34.54855702 34.56001227
 34.54219534 34.58620307 34.56572654 34.58329085] 

Mean Previous Drone Positions [-4.15239412 -4.15239412 -4.15239412 -4.15239412 -4.15239412 -4.15239412
 -4.15239412 -4.15239412 -4.15239412 -4.15239412]_[34.5695546 34.5695546 34.5695546 34.5695546 34.5695546 34.5695546
 34.5695546 34.5695546 34.5695546 34.5695546] 

relative Drone Positions [ 18.9  14.7  10.5   6.3   2.1  -2.1  -6.3 -10.5 -14.7 -18.9]_[-0. -0. -0. -0.  0.  0.  0.  0.  0.  0.] 

current starting Drone Positions [ 14.74760588  10.54760588   6.34760588   2.14760588  -2.05239412
  -6.25239412 -10.45239412 -14.65239412 -18.85239412 -23.05239412]_[34.5695546 34.5695546 34.5695546 34.5695546 34.5695546 34.5695546
 34.5695546 34.5695546 34.5695546 34.5695546] 

scanning direction vector [0. 0. 0. 0. 0. 0. 0. 0. 0. 0.]_[2. 2. 2. 2. 2. 2. 2. 2. 2. 2.] 

changing back speed 0.3 

velocity vector [ 0.01307299  0.01135066  0.01056795  0.01175835 -0.00113792 -0.00155527
 -0.00562191 -0.008533   -0.01476359 -0.01513825]_[2.0001131  2.00396754 1.99499443 1.99152217 2.00629928 2.0028627
 2.00820778 1.99500546 2.00114842 1.99587913] 

Moving Straight [ 14.71710223  10.521121     6.32294733   2.12016972  -2.04973898
  -6.24876515 -10.43927633 -14.63248378 -18.81794574 -23.01707155]_[36.5692907  36.56029701 36.58123427 36.58933619 36.55485629 36.56287497
 36.55040312 36.58120853 36.56687496 36.57916998] 

drones next lat [48.33616614 48.33616573 48.33616559 48.33616533 48.33616469 48.33616443
 48.33616399 48.33616393 48.33616347 48.33616325] drones next lon [14.32683824 14.32678163 14.32672498 14.32666827 14.32661201 14.32655536
 14.32649882 14.32644224 14.32638577 14.32632911] 
