WayPoint_Count 1 

Leader Index 7 

Leader Contour 76.5 

Contour Threshold 80 

Previous Drone Positions [ 4.5  3.5  2.5  1.5  0.5 -0.5 -1.5 -2.5 -3.5 -4.5]_[-12. -12. -12. -12. -12. -12. -12. -12. -12. -12.] 

Mean Previous Drone Positions [0. 0. 0. 0. 0. 0. 0. 0. 0. 0.]_[-12. -12. -12. -12. -12. -12. -12. -12. -12. -12.] 

relative Drone Positions [ 4.5  3.5  2.5  1.5  0.5 -0.5 -1.5 -2.5 -3.5 -4.5]_[-0. -0. -0. -0.  0.  0.  0.  0.  0.  0.] 

current starting Drone Positions [ 4.5  3.5  2.5  1.5  0.5 -0.5 -1.5 -2.5 -3.5 -4.5]_[-12. -12. -12. -12. -12. -12. -12. -12. -12. -12.] 

scanning direction vector [0. 0. 0. 0. 0. 0. 0. 0. 0. 0.]_[2. 2. 2. 2. 2. 2. 2. 2. 2. 2.] 

changing back speed 3.0 

velocity vector [0. 0. 0. 0. 0. 0. 0. 0. 0. 0.]_[2. 2. 2. 2. 2. 2. 2. 2. 2. 2.] 

Moving Straight [ 4.5  3.5  2.5  1.5  0.5 -0.5 -1.5 -2.5 -3.5 -4.5]_[-10. -10. -10. -10. -10. -10. -10. -10. -10. -10.] 

drones next lat [48.3357464  48.33574632 48.33574624 48.33574616 48.33574608 48.335746
 48.33574592 48.33574584 48.33574577 48.33574569] drones next lon [14.3267059  14.32669241 14.32667892 14.32666542 14.32665193 14.32663844
 14.32662495 14.32661145 14.32659796 14.32658447] 
WayPoint_Count 2 

Leader Index 7 

Leader Contour 81.0 

Contour Threshold 80 

Previous Drone Positions [ 4.5  3.5  2.5  1.5  0.5 -0.5 -1.5 -2.5 -3.5 -4.5]_[-10. -10. -10. -10. -10. -10. -10. -10. -10. -10.] 

Mean Previous Drone Positions [0. 0. 0. 0. 0. 0. 0. 0. 0. 0.]_[-10. -10. -10. -10. -10. -10. -10. -10. -10. -10.] 

relative Drone Positions [ 4.5  3.5  2.5  1.5  0.5 -0.5 -1.5 -2.5 -3.5 -4.5]_[-0. -0. -0. -0.  0.  0.  0.  0.  0.  0.] 

current starting Drone Positions [ 4.5  3.5  2.5  1.5  0.5 -0.5 -1.5 -2.5 -3.5 -4.5]_[-10. -10. -10. -10. -10. -10. -10. -10. -10. -10.] 

scanning direction vector [0. 0. 0. 0. 0. 0. 0. 0. 0. 0.]_[2. 2. 2. 2. 2. 2. 2. 2. 2. 2.] 

changing back speed 3.0 

velocity vector [0. 0. 0. 0. 0. 0. 0. 0. 0. 0.]_[2. 2. 2. 2. 2. 2. 2. 2. 2. 2.] 

Moving Straight [ 4.5  3.5  2.5  1.5  0.5 -0.5 -1.5 -2.5 -3.5 -4.5]_[-8. -8. -8. -8. -8. -8. -8. -8. -8. -8.] 

drones next lat [48.33576439 48.33576431 48.33576423 48.33576415 48.33576407 48.33576399
 48.33576392 48.33576384 48.33576376 48.33576368] drones next lon [14.32670566 14.32669217 14.32667868 14.32666519 14.32665169 14.3266382
 14.32662471 14.32661122 14.32659772 14.32658423] 
WayPoint_Count 3 

Leader Index 7 

Leader Contour 95.0 

Contour Threshold 80 

Previous Drone Positions [ 4.5  3.5  2.5  1.5  0.5 -0.5 -1.5 -2.5 -3.5 -4.5]_[-8. -8. -8. -8. -8. -8. -8. -8. -8. -8.] 

Mean Previous Drone Positions [0. 0. 0. 0. 0. 0. 0. 0. 0. 0.]_[-8. -8. -8. -8. -8. -8. -8. -8. -8. -8.] 

relative Drone Positions [ 4.5  3.5  2.5  1.5  0.5 -0.5 -1.5 -2.5 -3.5 -4.5]_[-0. -0. -0. -0.  0.  0.  0.  0.  0.  0.] 

current starting Drone Positions [ 4.5  3.5  2.5  1.5  0.5 -0.5 -1.5 -2.5 -3.5 -4.5]_[-8. -8. -8. -8. -8. -8. -8. -8. -8. -8.] 

scanning direction vector [0. 0. 0. 0. 0. 0. 0. 0. 0. 0.]_[2. 2. 2. 2. 2. 2. 2. 2. 2. 2.] 

changing back speed 3.0 

velocity vector [0. 0. 0. 0. 0. 0. 0. 0. 0. 0.]_[2. 2. 2. 2. 2. 2. 2. 2. 2. 2.] 

Moving Straight [ 4.5  3.5  2.5  1.5  0.5 -0.5 -1.5 -2.5 -3.5 -4.5]_[-6. -6. -6. -6. -6. -6. -6. -6. -6. -6.] 

drones next lat [48.33578238 48.3357823  48.33578222 48.33578214 48.33578207 48.33578199
 48.33578191 48.33578183 48.33578175 48.33578167] drones next lon [14.32670543 14.32669193 14.32667844 14.32666495 14.32665146 14.32663796
 14.32662447 14.32661098 14.32659749 14.32658399] 
WayPoint_Count 4 

Leader Index 8 

Leader Contour 147.5 

Contour Threshold 80 

Previous Drone Positions [ 4.5  3.5  2.5  1.5  0.5 -0.5 -1.5 -2.5 -3.5 -4.5]_[-6. -6. -6. -6. -6. -6. -6. -6. -6. -6.] 

Mean Previous Drone Positions [0. 0. 0. 0. 0. 0. 0. 0. 0. 0.]_[-6. -6. -6. -6. -6. -6. -6. -6. -6. -6.] 

relative Drone Positions [ 4.5  3.5  2.5  1.5  0.5 -0.5 -1.5 -2.5 -3.5 -4.5]_[-0. -0. -0. -0.  0.  0.  0.  0.  0.  0.] 

current starting Drone Positions [ 4.5  3.5  2.5  1.5  0.5 -0.5 -1.5 -2.5 -3.5 -4.5]_[-6. -6. -6. -6. -6. -6. -6. -6. -6. -6.] 

scanning direction vector [0. 0. 0. 0. 0. 0. 0. 0. 0. 0.]_[2. 2. 2. 2. 2. 2. 2. 2. 2. 2.] 

changing back speed 3.0 

velocity vector [0. 0. 0. 0. 0. 0. 0. 0. 0. 0.]_[2. 2. 2. 2. 2. 2. 2. 2. 2. 2.] 

Moving Straight [ 4.5  3.5  2.5  1.5  0.5 -0.5 -1.5 -2.5 -3.5 -4.5]_[-4. -4. -4. -4. -4. -4. -4. -4. -4. -4.] 

drones next lat [48.33580037 48.33580029 48.33580022 48.33580014 48.33580006 48.33579998
 48.3357999  48.33579982 48.33579974 48.33579966] drones next lon [14.32670519 14.3266917  14.32667821 14.32666471 14.32665122 14.32663773
 14.32662424 14.32661074 14.32659725 14.32658376] 
WayPoint_Count 5 

Leader Index 8 

Leader Contour 183.0 

Contour Threshold 80 

Previous Drone Positions [ 4.5  3.5  2.5  1.5  0.5 -0.5 -1.5 -2.5 -3.5 -4.5]_[-4. -4. -4. -4. -4. -4. -4. -4. -4. -4.] 

Mean Previous Drone Positions [0. 0. 0. 0. 0. 0. 0. 0. 0. 0.]_[-4. -4. -4. -4. -4. -4. -4. -4. -4. -4.] 

relative Drone Positions [ 4.5  3.5  2.5  1.5  0.5 -0.5 -1.5 -2.5 -3.5 -4.5]_[-0. -0. -0. -0.  0.  0.  0.  0.  0.  0.] 

current starting Drone Positions [ 4.5  3.5  2.5  1.5  0.5 -0.5 -1.5 -2.5 -3.5 -4.5]_[-4. -4. -4. -4. -4. -4. -4. -4. -4. -4.] 

scanning direction vector [0. 0. 0. 0. 0. 0. 0. 0. 0. 0.]_[2. 2. 2. 2. 2. 2. 2. 2. 2. 2.] 

changing back speed 3.0 

velocity vector [0. 0. 0. 0. 0. 0. 0. 0. 0. 0.]_[2. 2. 2. 2. 2. 2. 2. 2. 2. 2.] 

Moving Straight [ 4.5  3.5  2.5  1.5  0.5 -0.5 -1.5 -2.5 -3.5 -4.5]_[-2. -2. -2. -2. -2. -2. -2. -2. -2. -2.] 

drones next lat [48.33581837 48.33581829 48.33581821 48.33581813 48.33581805 48.33581797
 48.33581789 48.33581781 48.33581773 48.33581765] drones next lon [14.32670495 14.32669146 14.32667797 14.32666448 14.32665098 14.32663749
 14.326624   14.32661051 14.32659701 14.32658352] 
WayPoint_Count 6 

Leader Index 8 

Leader Contour 162.0 

Contour Threshold 80 

Previous Drone Positions [ 4.5  3.5  2.5  1.5  0.5 -0.5 -1.5 -2.5 -3.5 -4.5]_[-2. -2. -2. -2. -2. -2. -2. -2. -2. -2.] 

Mean Previous Drone Positions [0. 0. 0. 0. 0. 0. 0. 0. 0. 0.]_[-2. -2. -2. -2. -2. -2. -2. -2. -2. -2.] 

relative Drone Positions [ 4.5  3.5  2.5  1.5  0.5 -0.5 -1.5 -2.5 -3.5 -4.5]_[-0. -0. -0. -0.  0.  0.  0.  0.  0.  0.] 

current starting Drone Positions [ 4.5  3.5  2.5  1.5  0.5 -0.5 -1.5 -2.5 -3.5 -4.5]_[-2. -2. -2. -2. -2. -2. -2. -2. -2. -2.] 

scanning direction vector [0. 0. 0. 0. 0. 0. 0. 0. 0. 0.]_[2. 2. 2. 2. 2. 2. 2. 2. 2. 2.] 

changing back speed 3.0 

velocity vector [0. 0. 0. 0. 0. 0. 0. 0. 0. 0.]_[2. 2. 2. 2. 2. 2. 2. 2. 2. 2.] 

Moving Straight [ 4.5  3.5  2.5  1.5  0.5 -0.5 -1.5 -2.5 -3.5 -4.5]_[0. 0. 0. 0. 0. 0. 0. 0. 0. 0.] 

drones next lat [48.33583636 48.33583628 48.3358362  48.33583612 48.33583604 48.33583596
 48.33583588 48.3358358  48.33583573 48.33583565] drones next lon [14.32670472 14.32669122 14.32667773 14.32666424 14.32665075 14.32663725
 14.32662376 14.32661027 14.32659678 14.32658328] 
WayPoint_Count 7 

Leader Index 7 

Leader Contour 156.5 

Contour Threshold 80 

Previous Drone Positions [ 4.5  3.5  2.5  1.5  0.5 -0.5 -1.5 -2.5 -3.5 -4.5]_[0. 0. 0. 0. 0. 0. 0. 0. 0. 0.] 

Mean Previous Drone Positions [0. 0. 0. 0. 0. 0. 0. 0. 0. 0.]_[0. 0. 0. 0. 0. 0. 0. 0. 0. 0.] 

relative Drone Positions [ 4.5  3.5  2.5  1.5  0.5 -0.5 -1.5 -2.5 -3.5 -4.5]_[-0. -0. -0. -0.  0.  0.  0.  0.  0.  0.] 

current starting Drone Positions [ 4.5  3.5  2.5  1.5  0.5 -0.5 -1.5 -2.5 -3.5 -4.5]_[0. 0. 0. 0. 0. 0. 0. 0. 0. 0.] 

scanning direction vector [0. 0. 0. 0. 0. 0. 0. 0. 0. 0.]_[2. 2. 2. 2. 2. 2. 2. 2. 2. 2.] 

changing back speed 3.0 

velocity vector [0. 0. 0. 0. 0. 0. 0. 0. 0. 0.]_[2. 2. 2. 2. 2. 2. 2. 2. 2. 2.] 

Moving Straight [ 4.5  3.5  2.5  1.5  0.5 -0.5 -1.5 -2.5 -3.5 -4.5]_[2. 2. 2. 2. 2. 2. 2. 2. 2. 2.] 

drones next lat [48.33585435 48.33585427 48.33585419 48.33585411 48.33585403 48.33585395
 48.33585388 48.3358538  48.33585372 48.33585364] drones next lon [14.32670448 14.32669099 14.32667749 14.326664   14.32665051 14.32663702
 14.32662352 14.32661003 14.32659654 14.32658305] 
WayPoint_Count 8 

Leader Index 1 

Leader Contour 34.0 

Contour Threshold 80 

Previous Drone Positions [ 4.5  3.5  2.5  1.5  0.5 -0.5 -1.5 -2.5 -3.5 -4.5]_[2. 2. 2. 2. 2. 2. 2. 2. 2. 2.] 

Mean Previous Drone Positions [0. 0. 0. 0. 0. 0. 0. 0. 0. 0.]_[2. 2. 2. 2. 2. 2. 2. 2. 2. 2.] 

relative Drone Positions [ 4.5  3.5  2.5  1.5  0.5 -0.5 -1.5 -2.5 -3.5 -4.5]_[-0. -0. -0. -0.  0.  0.  0.  0.  0.  0.] 

current starting Drone Positions [ 4.5  3.5  2.5  1.5  0.5 -0.5 -1.5 -2.5 -3.5 -4.5]_[2. 2. 2. 2. 2. 2. 2. 2. 2. 2.] 

scanning direction vector [0. 0. 0. 0. 0. 0. 0. 0. 0. 0.]_[2. 2. 2. 2. 2. 2. 2. 2. 2. 2.] 

changing back speed 3.0 

velocity vector [0. 0. 0. 0. 0. 0. 0. 0. 0. 0.]_[2. 2. 2. 2. 2. 2. 2. 2. 2. 2.] 

Moving Straight [ 4.5  3.5  2.5  1.5  0.5 -0.5 -1.5 -2.5 -3.5 -4.5]_[4. 4. 4. 4. 4. 4. 4. 4. 4. 4.] 

drones next lat [48.33587234 48.33587226 48.33587218 48.3358721  48.33587203 48.33587195
 48.33587187 48.33587179 48.33587171 48.33587163] drones next lon [14.32670424 14.32669075 14.32667726 14.32666376 14.32665027 14.32663678
 14.32662329 14.32660979 14.3265963  14.32658281] 
WayPoint_Count 9 

Leader Index 4 

Leader Contour 58.0 

Contour Threshold 80 

Previous Drone Positions [ 4.5  3.5  2.5  1.5  0.5 -0.5 -1.5 -2.5 -3.5 -4.5]_[4. 4. 4. 4. 4. 4. 4. 4. 4. 4.] 

Mean Previous Drone Positions [0. 0. 0. 0. 0. 0. 0. 0. 0. 0.]_[4. 4. 4. 4. 4. 4. 4. 4. 4. 4.] 

relative Drone Positions [ 4.5  3.5  2.5  1.5  0.5 -0.5 -1.5 -2.5 -3.5 -4.5]_[-0. -0. -0. -0.  0.  0.  0.  0.  0.  0.] 

current starting Drone Positions [ 4.5  3.5  2.5  1.5  0.5 -0.5 -1.5 -2.5 -3.5 -4.5]_[4. 4. 4. 4. 4. 4. 4. 4. 4. 4.] 

scanning direction vector [0. 0. 0. 0. 0. 0. 0. 0. 0. 0.]_[2. 2. 2. 2. 2. 2. 2. 2. 2. 2.] 

changing back speed 3.0 

velocity vector [0. 0. 0. 0. 0. 0. 0. 0. 0. 0.]_[2. 2. 2. 2. 2. 2. 2. 2. 2. 2.] 

Moving Straight [ 4.5  3.5  2.5  1.5  0.5 -0.5 -1.5 -2.5 -3.5 -4.5]_[6. 6. 6. 6. 6. 6. 6. 6. 6. 6.] 

drones next lat [48.33589033 48.33589025 48.33589018 48.3358901  48.33589002 48.33588994
 48.33588986 48.33588978 48.3358897  48.33588962] drones next lon [14.32670401 14.32669051 14.32667702 14.32666353 14.32665004 14.32663654
 14.32662305 14.32660956 14.32659607 14.32658257] 
WayPoint_Count 10 

Leader Index 4 

Leader Contour 77.5 

Contour Threshold 80 

Previous Drone Positions [ 4.5  3.5  2.5  1.5  0.5 -0.5 -1.5 -2.5 -3.5 -4.5]_[6. 6. 6. 6. 6. 6. 6. 6. 6. 6.] 

Mean Previous Drone Positions [0. 0. 0. 0. 0. 0. 0. 0. 0. 0.]_[6. 6. 6. 6. 6. 6. 6. 6. 6. 6.] 

relative Drone Positions [ 4.5  3.5  2.5  1.5  0.5 -0.5 -1.5 -2.5 -3.5 -4.5]_[-0. -0. -0. -0.  0.  0.  0.  0.  0.  0.] 

current starting Drone Positions [ 4.5  3.5  2.5  1.5  0.5 -0.5 -1.5 -2.5 -3.5 -4.5]_[6. 6. 6. 6. 6. 6. 6. 6. 6. 6.] 

scanning direction vector [0. 0. 0. 0. 0. 0. 0. 0. 0. 0.]_[2. 2. 2. 2. 2. 2. 2. 2. 2. 2.] 

changing back speed 3.0 

velocity vector [0. 0. 0. 0. 0. 0. 0. 0. 0. 0.]_[2. 2. 2. 2. 2. 2. 2. 2. 2. 2.] 

Moving Straight [ 4.5  3.5  2.5  1.5  0.5 -0.5 -1.5 -2.5 -3.5 -4.5]_[8. 8. 8. 8. 8. 8. 8. 8. 8. 8.] 

drones next lat [48.33590833 48.33590825 48.33590817 48.33590809 48.33590801 48.33590793
 48.33590785 48.33590777 48.33590769 48.33590761] drones next lon [14.32670377 14.32669028 14.32667678 14.32666329 14.3266498  14.32663631
 14.32662281 14.32660932 14.32659583 14.32658234] 
WayPoint_Count 11 

Leader Index 7 

Leader Contour 76.0 

Contour Threshold 80 

Previous Drone Positions [ 4.5  3.5  2.5  1.5  0.5 -0.5 -1.5 -2.5 -3.5 -4.5]_[8. 8. 8. 8. 8. 8. 8. 8. 8. 8.] 

Mean Previous Drone Positions [0. 0. 0. 0. 0. 0. 0. 0. 0. 0.]_[8. 8. 8. 8. 8. 8. 8. 8. 8. 8.] 

relative Drone Positions [ 4.5  3.5  2.5  1.5  0.5 -0.5 -1.5 -2.5 -3.5 -4.5]_[-0. -0. -0. -0.  0.  0.  0.  0.  0.  0.] 

current starting Drone Positions [ 4.5  3.5  2.5  1.5  0.5 -0.5 -1.5 -2.5 -3.5 -4.5]_[8. 8. 8. 8. 8. 8. 8. 8. 8. 8.] 

scanning direction vector [0. 0. 0. 0. 0. 0. 0. 0. 0. 0.]_[2. 2. 2. 2. 2. 2. 2. 2. 2. 2.] 

changing back speed 3.0 

velocity vector [0. 0. 0. 0. 0. 0. 0. 0. 0. 0.]_[2. 2. 2. 2. 2. 2. 2. 2. 2. 2.] 

Moving Straight [ 4.5  3.5  2.5  1.5  0.5 -0.5 -1.5 -2.5 -3.5 -4.5]_[10. 10. 10. 10. 10. 10. 10. 10. 10. 10.] 

drones next lat [48.33592632 48.33592624 48.33592616 48.33592608 48.335926   48.33592592
 48.33592584 48.33592577 48.33592569 48.33592561] drones next lon [14.32670353 14.32669004 14.32667655 14.32666305 14.32664956 14.32663607
 14.32662258 14.32660908 14.32659559 14.3265821 ] 
WayPoint_Count 12 

Leader Index 2 

Leader Contour 69.0 

Contour Threshold 80 

Previous Drone Positions [ 4.5  3.5  2.5  1.5  0.5 -0.5 -1.5 -2.5 -3.5 -4.5]_[10. 10. 10. 10. 10. 10. 10. 10. 10. 10.] 

Mean Previous Drone Positions [0. 0. 0. 0. 0. 0. 0. 0. 0. 0.]_[10. 10. 10. 10. 10. 10. 10. 10. 10. 10.] 

relative Drone Positions [ 4.5  3.5  2.5  1.5  0.5 -0.5 -1.5 -2.5 -3.5 -4.5]_[-0. -0. -0. -0.  0.  0.  0.  0.  0.  0.] 

current starting Drone Positions [ 4.5  3.5  2.5  1.5  0.5 -0.5 -1.5 -2.5 -3.5 -4.5]_[10. 10. 10. 10. 10. 10. 10. 10. 10. 10.] 

scanning direction vector [0. 0. 0. 0. 0. 0. 0. 0. 0. 0.]_[2. 2. 2. 2. 2. 2. 2. 2. 2. 2.] 

changing back speed 3.0 

velocity vector [0. 0. 0. 0. 0. 0. 0. 0. 0. 0.]_[2. 2. 2. 2. 2. 2. 2. 2. 2. 2.] 

Moving Straight [ 4.5  3.5  2.5  1.5  0.5 -0.5 -1.5 -2.5 -3.5 -4.5]_[12. 12. 12. 12. 12. 12. 12. 12. 12. 12.] 

drones next lat [48.33594431 48.33594423 48.33594415 48.33594407 48.33594399 48.33594392
 48.33594384 48.33594376 48.33594368 48.3359436 ] drones next lon [14.32670329 14.3266898  14.32667631 14.32666282 14.32664932 14.32663583
 14.32662234 14.32660885 14.32659535 14.32658186] 
WayPoint_Count 13 

Leader Index 3 

Leader Contour 130.0 

Contour Threshold 80 

Previous Drone Positions [ 4.5  3.5  2.5  1.5  0.5 -0.5 -1.5 -2.5 -3.5 -4.5]_[12. 12. 12. 12. 12. 12. 12. 12. 12. 12.] 

Mean Previous Drone Positions [0. 0. 0. 0. 0. 0. 0. 0. 0. 0.]_[12. 12. 12. 12. 12. 12. 12. 12. 12. 12.] 

relative Drone Positions [ 4.5  3.5  2.5  1.5  0.5 -0.5 -1.5 -2.5 -3.5 -4.5]_[-0. -0. -0. -0.  0.  0.  0.  0.  0.  0.] 

current starting Drone Positions [ 4.5  3.5  2.5  1.5  0.5 -0.5 -1.5 -2.5 -3.5 -4.5]_[12. 12. 12. 12. 12. 12. 12. 12. 12. 12.] 

scanning direction vector [0. 0. 0. 0. 0. 0. 0. 0. 0. 0.]_[2. 2. 2. 2. 2. 2. 2. 2. 2. 2.] 

changing back speed 3.0 

velocity vector [0. 0. 0. 0. 0. 0. 0. 0. 0. 0.]_[2. 2. 2. 2. 2. 2. 2. 2. 2. 2.] 

Moving Straight [ 4.5  3.5  2.5  1.5  0.5 -0.5 -1.5 -2.5 -3.5 -4.5]_[14. 14. 14. 14. 14. 14. 14. 14. 14. 14.] 

drones next lat [48.3359623  48.33596222 48.33596214 48.33596207 48.33596199 48.33596191
 48.33596183 48.33596175 48.33596167 48.33596159] drones next lon [14.32670306 14.32668957 14.32667607 14.32666258 14.32664909 14.3266356
 14.3266221  14.32660861 14.32659512 14.32658163] 
WayPoint_Count 14 

Leader Index 4 

Leader Contour 124.5 

Contour Threshold 80 

Previous Drone Positions [ 4.5  3.5  2.5  1.5  0.5 -0.5 -1.5 -2.5 -3.5 -4.5]_[14. 14. 14. 14. 14. 14. 14. 14. 14. 14.] 

Mean Previous Drone Positions [0. 0. 0. 0. 0. 0. 0. 0. 0. 0.]_[14. 14. 14. 14. 14. 14. 14. 14. 14. 14.] 

relative Drone Positions [ 4.5  3.5  2.5  1.5  0.5 -0.5 -1.5 -2.5 -3.5 -4.5]_[-0. -0. -0. -0.  0.  0.  0.  0.  0.  0.] 

current starting Drone Positions [ 4.5  3.5  2.5  1.5  0.5 -0.5 -1.5 -2.5 -3.5 -4.5]_[14. 14. 14. 14. 14. 14. 14. 14. 14. 14.] 

scanning direction vector [0. 0. 0. 0. 0. 0. 0. 0. 0. 0.]_[2. 2. 2. 2. 2. 2. 2. 2. 2. 2.] 

changing back speed 3.0 

velocity vector [0. 0. 0. 0. 0. 0. 0. 0. 0. 0.]_[2. 2. 2. 2. 2. 2. 2. 2. 2. 2.] 

Moving Straight [ 4.5  3.5  2.5  1.5  0.5 -0.5 -1.5 -2.5 -3.5 -4.5]_[16. 16. 16. 16. 16. 16. 16. 16. 16. 16.] 

drones next lat [48.33598029 48.33598022 48.33598014 48.33598006 48.33597998 48.3359799
 48.33597982 48.33597974 48.33597966 48.33597958] drones next lon [14.32670282 14.32668933 14.32667584 14.32666234 14.32664885 14.32663536
 14.32662187 14.32660837 14.32659488 14.32658139] 
WayPoint_Count 15 

Leader Index 2 

Leader Contour 188.5 

Contour Threshold 80 

Previous Drone Positions [ 4.5  3.5  2.5  1.5  0.5 -0.5 -1.5 -2.5 -3.5 -4.5]_[16. 16. 16. 16. 16. 16. 16. 16. 16. 16.] 

Mean Previous Drone Positions [0. 0. 0. 0. 0. 0. 0. 0. 0. 0.]_[16. 16. 16. 16. 16. 16. 16. 16. 16. 16.] 

relative Drone Positions [ 4.5  3.5  2.5  1.5  0.5 -0.5 -1.5 -2.5 -3.5 -4.5]_[-0. -0. -0. -0.  0.  0.  0.  0.  0.  0.] 

current starting Drone Positions [ 4.5  3.5  2.5  1.5  0.5 -0.5 -1.5 -2.5 -3.5 -4.5]_[16. 16. 16. 16. 16. 16. 16. 16. 16. 16.] 

scanning direction vector [0. 0. 0. 0. 0. 0. 0. 0. 0. 0.]_[2. 2. 2. 2. 2. 2. 2. 2. 2. 2.] 

changing back speed 3.0 

velocity vector [0. 0. 0. 0. 0. 0. 0. 0. 0. 0.]_[2. 2. 2. 2. 2. 2. 2. 2. 2. 2.] 

Moving Straight [ 4.5  3.5  2.5  1.5  0.5 -0.5 -1.5 -2.5 -3.5 -4.5]_[18. 18. 18. 18. 18. 18. 18. 18. 18. 18.] 

drones next lat [48.33599829 48.33599821 48.33599813 48.33599805 48.33599797 48.33599789
 48.33599781 48.33599773 48.33599765 48.33599758] drones next lon [14.32670258 14.32668909 14.3266756  14.32666211 14.32664861 14.32663512
 14.32662163 14.32660814 14.32659464 14.32658115] 
WayPoint_Count 16 

Leader Index 7 

Leader Contour 207.0 

Contour Threshold 80 

Previous Drone Positions [ 4.5  3.5  2.5  1.5  0.5 -0.5 -1.5 -2.5 -3.5 -4.5]_[18. 18. 18. 18. 18. 18. 18. 18. 18. 18.] 

Mean Previous Drone Positions [0. 0. 0. 0. 0. 0. 0. 0. 0. 0.]_[18. 18. 18. 18. 18. 18. 18. 18. 18. 18.] 

relative Drone Positions [ 4.5  3.5  2.5  1.5  0.5 -0.5 -1.5 -2.5 -3.5 -4.5]_[-0. -0. -0. -0.  0.  0.  0.  0.  0.  0.] 

current starting Drone Positions [ 4.5  3.5  2.5  1.5  0.5 -0.5 -1.5 -2.5 -3.5 -4.5]_[18. 18. 18. 18. 18. 18. 18. 18. 18. 18.] 

scanning direction vector [0. 0. 0. 0. 0. 0. 0. 0. 0. 0.]_[2. 2. 2. 2. 2. 2. 2. 2. 2. 2.] 

changing back speed 3.0 

velocity vector [0. 0. 0. 0. 0. 0. 0. 0. 0. 0.]_[2. 2. 2. 2. 2. 2. 2. 2. 2. 2.] 

Moving Straight [ 4.5  3.5  2.5  1.5  0.5 -0.5 -1.5 -2.5 -3.5 -4.5]_[20. 20. 20. 20. 20. 20. 20. 20. 20. 20.] 

drones next lat [48.33601628 48.3360162  48.33601612 48.33601604 48.33601596 48.33601588
 48.3360158  48.33601573 48.33601565 48.33601557] drones next lon [14.32670235 14.32668885 14.32667536 14.32666187 14.32664838 14.32663488
 14.32662139 14.3266079  14.32659441 14.32658091] 
WayPoint_Count 17 

Leader Index 5 

Leader Contour 150.0 

Contour Threshold 80 

Previous Drone Positions [ 4.5  3.5  2.5  1.5  0.5 -0.5 -1.5 -2.5 -3.5 -4.5]_[20. 20. 20. 20. 20. 20. 20. 20. 20. 20.] 

Mean Previous Drone Positions [0. 0. 0. 0. 0. 0. 0. 0. 0. 0.]_[20. 20. 20. 20. 20. 20. 20. 20. 20. 20.] 

relative Drone Positions [ 4.5  3.5  2.5  1.5  0.5 -0.5 -1.5 -2.5 -3.5 -4.5]_[-0. -0. -0. -0.  0.  0.  0.  0.  0.  0.] 

current starting Drone Positions [ 4.5  3.5  2.5  1.5  0.5 -0.5 -1.5 -2.5 -3.5 -4.5]_[20. 20. 20. 20. 20. 20. 20. 20. 20. 20.] 

scanning direction vector [0. 0. 0. 0. 0. 0. 0. 0. 0. 0.]_[2. 2. 2. 2. 2. 2. 2. 2. 2. 2.] 

changing back speed 3.0 

velocity vector [0. 0. 0. 0. 0. 0. 0. 0. 0. 0.]_[2. 2. 2. 2. 2. 2. 2. 2. 2. 2.] 

Moving Straight [ 4.5  3.5  2.5  1.5  0.5 -0.5 -1.5 -2.5 -3.5 -4.5]_[22. 22. 22. 22. 22. 22. 22. 22. 22. 22.] 

drones next lat [48.33603427 48.33603419 48.33603411 48.33603403 48.33603395 48.33603388
 48.3360338  48.33603372 48.33603364 48.33603356] drones next lon [14.32670211 14.32668862 14.32667513 14.32666163 14.32664814 14.32663465
 14.32662115 14.32660766 14.32659417 14.32658068] 
WayPoint_Count 18 

Leader Index 4 

Leader Contour 160.0 

Contour Threshold 80 

Previous Drone Positions [ 4.5  3.5  2.5  1.5  0.5 -0.5 -1.5 -2.5 -3.5 -4.5]_[22. 22. 22. 22. 22. 22. 22. 22. 22. 22.] 

Mean Previous Drone Positions [0. 0. 0. 0. 0. 0. 0. 0. 0. 0.]_[22. 22. 22. 22. 22. 22. 22. 22. 22. 22.] 

relative Drone Positions [ 4.5  3.5  2.5  1.5  0.5 -0.5 -1.5 -2.5 -3.5 -4.5]_[-0. -0. -0. -0.  0.  0.  0.  0.  0.  0.] 

current starting Drone Positions [ 4.5  3.5  2.5  1.5  0.5 -0.5 -1.5 -2.5 -3.5 -4.5]_[22. 22. 22. 22. 22. 22. 22. 22. 22. 22.] 

scanning direction vector [0. 0. 0. 0. 0. 0. 0. 0. 0. 0.]_[2. 2. 2. 2. 2. 2. 2. 2. 2. 2.] 

changing back speed 3.0 

velocity vector [0. 0. 0. 0. 0. 0. 0. 0. 0. 0.]_[2. 2. 2. 2. 2. 2. 2. 2. 2. 2.] 

Moving Straight [ 4.5  3.5  2.5  1.5  0.5 -0.5 -1.5 -2.5 -3.5 -4.5]_[24. 24. 24. 24. 24. 24. 24. 24. 24. 24.] 

drones next lat [48.33605226 48.33605218 48.3360521  48.33605203 48.33605195 48.33605187
 48.33605179 48.33605171 48.33605163 48.33605155] drones next lon [14.32670187 14.32668838 14.32667489 14.3266614  14.3266479  14.32663441
 14.32662092 14.32660743 14.32659393 14.32658044] 
WayPoint_Count 19 

Leader Index 3 

Leader Contour 154.5 

Contour Threshold 80 

Previous Drone Positions [ 4.5  3.5  2.5  1.5  0.5 -0.5 -1.5 -2.5 -3.5 -4.5]_[24. 24. 24. 24. 24. 24. 24. 24. 24. 24.] 

Mean Previous Drone Positions [0. 0. 0. 0. 0. 0. 0. 0. 0. 0.]_[24. 24. 24. 24. 24. 24. 24. 24. 24. 24.] 

relative Drone Positions [ 4.5  3.5  2.5  1.5  0.5 -0.5 -1.5 -2.5 -3.5 -4.5]_[-0. -0. -0. -0.  0.  0.  0.  0.  0.  0.] 

current starting Drone Positions [ 4.5  3.5  2.5  1.5  0.5 -0.5 -1.5 -2.5 -3.5 -4.5]_[24. 24. 24. 24. 24. 24. 24. 24. 24. 24.] 

scanning direction vector [0. 0. 0. 0. 0. 0. 0. 0. 0. 0.]_[2. 2. 2. 2. 2. 2. 2. 2. 2. 2.] 

changing back speed 3.0 

velocity vector [0. 0. 0. 0. 0. 0. 0. 0. 0. 0.]_[2. 2. 2. 2. 2. 2. 2. 2. 2. 2.] 

Moving Straight [ 4.5  3.5  2.5  1.5  0.5 -0.5 -1.5 -2.5 -3.5 -4.5]_[26. 26. 26. 26. 26. 26. 26. 26. 26. 26.] 

drones next lat [48.33607025 48.33607018 48.3360701  48.33607002 48.33606994 48.33606986
 48.33606978 48.3360697  48.33606962 48.33606954] drones next lon [14.32670164 14.32668814 14.32667465 14.32666116 14.32664767 14.32663417
 14.32662068 14.32660719 14.3265937  14.3265802 ] 
WayPoint_Count 20 

Leader Index 3 

Leader Contour 133.0 

Contour Threshold 80 

Previous Drone Positions [ 4.5  3.5  2.5  1.5  0.5 -0.5 -1.5 -2.5 -3.5 -4.5]_[26. 26. 26. 26. 26. 26. 26. 26. 26. 26.] 

Mean Previous Drone Positions [0. 0. 0. 0. 0. 0. 0. 0. 0. 0.]_[26. 26. 26. 26. 26. 26. 26. 26. 26. 26.] 

relative Drone Positions [ 4.5  3.5  2.5  1.5  0.5 -0.5 -1.5 -2.5 -3.5 -4.5]_[-0. -0. -0. -0.  0.  0.  0.  0.  0.  0.] 

current starting Drone Positions [ 4.5  3.5  2.5  1.5  0.5 -0.5 -1.5 -2.5 -3.5 -4.5]_[26. 26. 26. 26. 26. 26. 26. 26. 26. 26.] 

scanning direction vector [0. 0. 0. 0. 0. 0. 0. 0. 0. 0.]_[2. 2. 2. 2. 2. 2. 2. 2. 2. 2.] 

changing back speed 3.0 

velocity vector [0. 0. 0. 0. 0. 0. 0. 0. 0. 0.]_[2. 2. 2. 2. 2. 2. 2. 2. 2. 2.] 

Moving Straight [ 4.5  3.5  2.5  1.5  0.5 -0.5 -1.5 -2.5 -3.5 -4.5]_[28. 28. 28. 28. 28. 28. 28. 28. 28. 28.] 

drones next lat [48.33608825 48.33608817 48.33608809 48.33608801 48.33608793 48.33608785
 48.33608777 48.33608769 48.33608761 48.33608754] drones next lon [14.3267014  14.32668791 14.32667441 14.32666092 14.32664743 14.32663394
 14.32662044 14.32660695 14.32659346 14.32657997] 
WayPoint_Count 21 

Leader Index 6 

Leader Contour 164.5 

Contour Threshold 80 

Previous Drone Positions [ 4.5  3.5  2.5  1.5  0.5 -0.5 -1.5 -2.5 -3.5 -4.5]_[28. 28. 28. 28. 28. 28. 28. 28. 28. 28.] 

Mean Previous Drone Positions [0. 0. 0. 0. 0. 0. 0. 0. 0. 0.]_[28. 28. 28. 28. 28. 28. 28. 28. 28. 28.] 

relative Drone Positions [ 4.5  3.5  2.5  1.5  0.5 -0.5 -1.5 -2.5 -3.5 -4.5]_[-0. -0. -0. -0.  0.  0.  0.  0.  0.  0.] 

current starting Drone Positions [ 4.5  3.5  2.5  1.5  0.5 -0.5 -1.5 -2.5 -3.5 -4.5]_[28. 28. 28. 28. 28. 28. 28. 28. 28. 28.] 

scanning direction vector [0. 0. 0. 0. 0. 0. 0. 0. 0. 0.]_[2. 2. 2. 2. 2. 2. 2. 2. 2. 2.] 

changing back speed 3.0 

velocity vector [0. 0. 0. 0. 0. 0. 0. 0. 0. 0.]_[2. 2. 2. 2. 2. 2. 2. 2. 2. 2.] 

Moving Straight [ 4.5  3.5  2.5  1.5  0.5 -0.5 -1.5 -2.5 -3.5 -4.5]_[30. 30. 30. 30. 30. 30. 30. 30. 30. 30.] 

drones next lat [48.33610624 48.33610616 48.33610608 48.336106   48.33610592 48.33610584
 48.33610576 48.33610569 48.33610561 48.33610553] drones next lon [14.32670116 14.32668767 14.32667418 14.32666068 14.32664719 14.3266337
 14.32662021 14.32660671 14.32659322 14.32657973] 
WayPoint_Count 22 

Leader Index 5 

Leader Contour 42.0 

Contour Threshold 80 

Previous Drone Positions [ 4.5  3.5  2.5  1.5  0.5 -0.5 -1.5 -2.5 -3.5 -4.5]_[30. 30. 30. 30. 30. 30. 30. 30. 30. 30.] 

Mean Previous Drone Positions [0. 0. 0. 0. 0. 0. 0. 0. 0. 0.]_[30. 30. 30. 30. 30. 30. 30. 30. 30. 30.] 

relative Drone Positions [ 4.5  3.5  2.5  1.5  0.5 -0.5 -1.5 -2.5 -3.5 -4.5]_[-0. -0. -0. -0.  0.  0.  0.  0.  0.  0.] 

current starting Drone Positions [ 4.5  3.5  2.5  1.5  0.5 -0.5 -1.5 -2.5 -3.5 -4.5]_[30. 30. 30. 30. 30. 30. 30. 30. 30. 30.] 

scanning direction vector [0. 0. 0. 0. 0. 0. 0. 0. 0. 0.]_[2. 2. 2. 2. 2. 2. 2. 2. 2. 2.] 

changing back speed 3.0 

velocity vector [0. 0. 0. 0. 0. 0. 0. 0. 0. 0.]_[2. 2. 2. 2. 2. 2. 2. 2. 2. 2.] 

Moving Straight [ 4.5  3.5  2.5  1.5  0.5 -0.5 -1.5 -2.5 -3.5 -4.5]_[32. 32. 32. 32. 32. 32. 32. 32. 32. 32.] 

drones next lat [48.33612423 48.33612415 48.33612407 48.33612399 48.33612391 48.33612384
 48.33612376 48.33612368 48.3361236  48.33612352] drones next lon [14.32670093 14.32668743 14.32667394 14.32666045 14.32664696 14.32663346
 14.32661997 14.32660648 14.32659299 14.32657949] 
