WayPoint_Count 1 

Leader Index 4 

Leader Contour 82.5 

Contour Threshold 95 

Previous Drone Positions [ 18.9  14.7  10.5   6.3   2.1  -2.1  -6.3 -10.5 -14.7 -18.9]_[-12. -12. -12. -12. -12. -12. -12. -12. -12. -12.] 

Mean Previous Drone Positions [0. 0. 0. 0. 0. 0. 0. 0. 0. 0.]_[-12. -12. -12. -12. -12. -12. -12. -12. -12. -12.] 

relative Drone Positions [ 18.9  14.7  10.5   6.3   2.1  -2.1  -6.3 -10.5 -14.7 -18.9]_[-0. -0. -0. -0.  0.  0.  0.  0.  0.  0.] 

current starting Drone Positions [ 18.9  14.7  10.5   6.3   2.1  -2.1  -6.3 -10.5 -14.7 -18.9]_[-12. -12. -12. -12. -12. -12. -12. -12. -12. -12.] 

scanning direction vector [0. 0. 0. 0. 0. 0. 0. 0. 0. 0.]_[2. 2. 2. 2. 2. 2. 2. 2. 2. 2.] 

changing back speed 0.3 

velocity vector [0. 0. 0. 0. 0. 0. 0. 0. 0. 0.]_[2. 2. 2. 2. 2. 2. 2. 2. 2. 2.] 

Moving Straight [ 18.9  14.7  10.5   6.3   2.1  -2.1  -6.3 -10.5 -14.7 -18.9]_[-10. -10. -10. -10. -10. -10. -10. -10. -10. -10.] 

drones next lat [48.33574753 48.3357472  48.33574687 48.33574654 48.33574621 48.33574588
 48.33574554 48.33574521 48.33574488 48.33574455] drones next lon [14.32690019 14.32684352 14.32678686 14.32673019 14.32667352 14.32661685
 14.32656018 14.32650351 14.32644685 14.32639018] 
WayPoint_Count 2 

Leader Index 3 

Leader Contour 89.0 

Contour Threshold 95 

Previous Drone Positions [ 18.9  14.7  10.5   6.3   2.1  -2.1  -6.3 -10.5 -14.7 -18.9]_[-10. -10. -10. -10. -10. -10. -10. -10. -10. -10.] 

Mean Previous Drone Positions [0. 0. 0. 0. 0. 0. 0. 0. 0. 0.]_[-10. -10. -10. -10. -10. -10. -10. -10. -10. -10.] 

relative Drone Positions [ 18.9  14.7  10.5   6.3   2.1  -2.1  -6.3 -10.5 -14.7 -18.9]_[-0. -0. -0. -0.  0.  0.  0.  0.  0.  0.] 

current starting Drone Positions [ 18.9  14.7  10.5   6.3   2.1  -2.1  -6.3 -10.5 -14.7 -18.9]_[-10. -10. -10. -10. -10. -10. -10. -10. -10. -10.] 

scanning direction vector [0. 0. 0. 0. 0. 0. 0. 0. 0. 0.]_[2. 2. 2. 2. 2. 2. 2. 2. 2. 2.] 

changing back speed 0.3 

velocity vector [0. 0. 0. 0. 0. 0. 0. 0. 0. 0.]_[2. 2. 2. 2. 2. 2. 2. 2. 2. 2.] 

Moving Straight [ 18.9  14.7  10.5   6.3   2.1  -2.1  -6.3 -10.5 -14.7 -18.9]_[-8. -8. -8. -8. -8. -8. -8. -8. -8. -8.] 

drones next lat [48.33576553 48.33576519 48.33576486 48.33576453 48.3357642  48.33576387
 48.33576354 48.3357632  48.33576287 48.33576254] drones next lon [14.32689996 14.32684329 14.32678662 14.32672995 14.32667328 14.32661661
 14.32655994 14.32650328 14.32644661 14.32638994] 
WayPoint_Count 3 

Leader Index 3 

Leader Contour 78.5 

Contour Threshold 95 

Previous Drone Positions [ 18.9  14.7  10.5   6.3   2.1  -2.1  -6.3 -10.5 -14.7 -18.9]_[-8. -8. -8. -8. -8. -8. -8. -8. -8. -8.] 

Mean Previous Drone Positions [0. 0. 0. 0. 0. 0. 0. 0. 0. 0.]_[-8. -8. -8. -8. -8. -8. -8. -8. -8. -8.] 

relative Drone Positions [ 18.9  14.7  10.5   6.3   2.1  -2.1  -6.3 -10.5 -14.7 -18.9]_[-0. -0. -0. -0.  0.  0.  0.  0.  0.  0.] 

current starting Drone Positions [ 18.9  14.7  10.5   6.3   2.1  -2.1  -6.3 -10.5 -14.7 -18.9]_[-8. -8. -8. -8. -8. -8. -8. -8. -8. -8.] 

scanning direction vector [0. 0. 0. 0. 0. 0. 0. 0. 0. 0.]_[2. 2. 2. 2. 2. 2. 2. 2. 2. 2.] 

changing back speed 0.3 

velocity vector [0. 0. 0. 0. 0. 0. 0. 0. 0. 0.]_[2. 2. 2. 2. 2. 2. 2. 2. 2. 2.] 

Moving Straight [ 18.9  14.7  10.5   6.3   2.1  -2.1  -6.3 -10.5 -14.7 -18.9]_[-6. -6. -6. -6. -6. -6. -6. -6. -6. -6.] 

drones next lat [48.33578352 48.33578319 48.33578286 48.33578252 48.33578219 48.33578186
 48.33578153 48.3357812  48.33578086 48.33578053] drones next lon [14.32689972 14.32684305 14.32678638 14.32672971 14.32667304 14.32661638
 14.32655971 14.32650304 14.32644637 14.3263897 ] 
WayPoint_Count 4 

Leader Index 6 

Leader Contour 97.0 

Contour Threshold 95 

Converging Before Rutherford Scattering [ 17.89469146  12.76633554   7.5028577    5.24553514   0.81426462
  -3.82693368  -5.69707876  -8.83669635 -11.95059496 -16.15206453]_[-6.10290242 -6.99779737 -5.92445378 -5.67447995 -5.30012426 -5.03800479
 -6.79780071 -6.94161328 -6.66211184 -6.66377144] 

Minimum Distance Within Rutherford Scattering 4.2 

Converging After Rutherford Scattering [ 18.42873829  13.09416232   8.39755518   4.87596019   0.83067144
  -3.56596969  -5.51765767  -9.12033429 -12.66447251 -16.99833709]_[-6.04841047 -7.17356817 -5.96987794 -5.57962151 -5.21520385 -4.15606985
 -7.56915637 -7.14459149 -6.57742105 -6.66913915] 

drones next lat [48.33578305 48.3357725  48.33578296 48.33578619 48.33578915 48.33579833
 48.33576747 48.33577101 48.33577583 48.33577466] drones next lon [14.32689337 14.32682152 14.32675801 14.32671045 14.32665583 14.32659638
 14.32657045 14.32652179 14.3264739  14.32641544] 
WayPoint_Count 5 

Leader Index 5 

Leader Contour 232.5 

Contour Threshold 95 

Converging Before Rutherford Scattering [ 17.42733393  10.25579911   7.41209984   3.87579569  -1.75519685
  -3.64880859  -3.52690965  -7.57520543 -10.25570526 -14.63246434]_[-5.74485547 -6.32474919 -5.54343065 -5.48207206 -3.97967898 -3.1595069
 -5.76899025 -7.17332245 -6.94249572 -7.21786234] 

Minimum Distance Within Rutherford Scattering 4.2 

Converging After Rutherford Scattering [ 17.83828983  11.17004324   7.57884358   3.72193152  -0.69223435
  -4.4446932   -3.51247077  -7.50982878 -11.09233415 -15.48080849]_[-5.73135756 -6.61587731 -5.32279749 -5.59707478 -3.54324705 -1.8304419
 -6.75378931 -7.74258633 -6.90604796 -7.2937443 ] 

drones next lat [48.33578585 48.33577737 48.33578872 48.33578594 48.33580407 48.33581918
 48.33577497 48.33576576 48.335773   48.33576916] drones next lon [14.32688536 14.3267955  14.32674689 14.32669488 14.32663508 14.32658425
 14.32659741 14.32654359 14.32649515 14.32643599] 
WayPoint_Count 6 

Leader Index 4 

Leader Contour 214.0 

Contour Threshold 95 

Converging Before Rutherford Scattering [ 16.48000896   9.10199529   6.20706182   1.16412515  -0.08250267
  -3.16632996  -1.62173029  -5.00180103  -8.64135987 -13.65232545]_[-6.275102   -7.10563456 -5.71424864 -4.08572112 -4.33585495 -1.81993459
 -4.43011399 -6.10060855 -5.45423781 -7.79600866] 

Minimum Distance Within Rutherford Scattering 4.2 

Converging After Rutherford Scattering [ 16.88661889   9.92194905   6.4451022    2.97589908   0.29874438
  -3.68339975  -2.77091508  -5.54394202  -9.49115911 -14.25175569]_[-6.27230204 -7.56003227 -5.69084462 -3.19308698 -4.96528061 -0.41146539
 -4.66390701 -7.04088044 -5.30263656 -8.01702896] 

drones next lat [48.33578091 48.33576878 48.33578532 48.33580751 48.33579136 48.33583201
 48.33579383 48.33577222 48.33578755 48.33576275] drones next lon [14.32687259 14.32677877 14.32673163 14.32668453 14.32664862 14.32659435
 14.32660717 14.32657003 14.32651657 14.32645266] 
WayPoint_Count 7 

Leader Index 5 

Leader Contour 194.0 

Contour Threshold 95 

Converging Before Rutherford Scattering [ 15.49787168   7.49374981   4.52878215   0.78254572  -1.58639182
  -4.66608948  -4.13066863  -4.09431085  -7.17899654 -13.02442577]_[-6.56931009 -7.38304658 -5.75616203 -3.35976285 -2.63710211 -0.59672441
 -3.04918878 -4.69894318 -4.63708121 -5.9305406 ] 

Minimum Distance Within Rutherford Scattering 4.2 

Converging After Rutherford Scattering [ 15.86795871   8.29226901   4.82310456   1.9060479   -1.07776743
  -5.27913082  -4.78517793  -3.98514977  -8.43275255 -13.70733541]_[-6.58299315 -7.89101981 -5.931952   -3.32466024 -1.78093871  1.19562364
 -2.60775701 -6.55940818 -5.03909277 -6.09566361] 

drones next lat [48.33577803 48.33576567 48.33578302 48.33580624 48.3358199  48.33584634
 48.33581216 48.33577668 48.33579    48.33578008] drones next lon [14.32685888 14.32675682 14.32670978 14.32667011 14.32662967 14.32657263
 14.32657974 14.32659101 14.32653082 14.32645978] 
WayPoint_Count 8 

Leader Index 4 

Leader Contour 188.5 

Contour Threshold 95 

Converging Before Rutherford Scattering [ 14.86454106   5.63364848   2.18748859   0.28830394  -0.39557014
  -3.15762069  -2.31760633  -3.12957813  -5.60672471 -12.30757271]_[-6.42771191 -6.98040037 -4.76193188 -3.39298385 -1.04977056  0.91139838
 -1.31554301 -5.83373943 -4.30088348 -4.57896022] 

Minimum Distance Within Rutherford Scattering 4.2 

Converging After Rutherford Scattering [ 15.20378371   6.51993539   3.28344486   0.39050792   0.82973859
  -3.87465067  -3.25813614  -3.28452675  -6.82154826 -12.9292393 ]_[-6.46260508 -7.59679166 -5.42036602 -3.72040981  0.39664925  2.60930451
 -1.28065651 -7.13846528 -4.46721202 -4.6499737 ] 

drones next lat [48.33577906 48.33576818 48.3357875  48.33580256 48.33583964 48.33585917
 48.33582422 48.33577152 48.33579528 48.33579315] drones next lon [14.3268499  14.32673287 14.32668894 14.32664971 14.32665515 14.32659141
 14.32660019 14.32660053 14.32655249 14.3264701 ] 
WayPoint_Count 9 

Leader Index 4 

Leader Contour 144.0 

Contour Threshold 95 

Converging Before Rutherford Scattering [ 12.44445088   6.35482289   2.00932786   1.59601487   0.60439682
  -2.5644564   -0.45527188  -1.4418359   -4.46536053 -10.62956356]_[-5.90005047 -6.069855   -2.70973861 -1.84691642 -0.57763053  0.89183425
 -0.82579527 -4.91603812 -4.13811377 -3.05466674] 

Minimum Distance Within Rutherford Scattering 4.2 

Converging After Rutherford Scattering [ 13.02284999   7.02057292   3.14017971   2.84593517   1.42406648
  -3.76725687  -1.72271797  -1.57514668  -5.61006516 -11.32589254]_[-5.98207548 -6.65620842 -4.618438   -1.26389266  1.93015718  2.33607586
 -1.02563049 -6.23140043 -4.56959461 -3.06596364] 

drones next lat [48.33578322 48.33577668 48.3357947  48.33582486 48.33585348 48.33585672
 48.33582664 48.33577982 48.33579445 48.33580753] drones next lon [14.32682042 14.32673951 14.32668692 14.32668255 14.32666299 14.32659289
 14.32662088 14.32662349 14.32656885 14.32649155] 
WayPoint_Count 10 

Leader Index 4 

Leader Contour 259.0 

Contour Threshold 95 

Converging Before Rutherford Scattering [ 11.80948721   6.12939063   2.9303473    1.04935829   1.45808328
  -1.01327706   0.35191686  -1.75240034  -4.2516399  -10.12377918]_[-5.75358651 -4.00108151 -3.63859272  0.380743    2.92957844  2.83001427
 -0.44341152 -4.85225967 -2.21840036 -1.58503375] 

Minimum Distance Within Rutherford Scattering 4.2 

Converging After Rutherford Scattering [ 12.41671909   7.13302342   3.14581359   2.42400917   2.37805607
  -2.150597    -0.58767924  -2.08391826  -5.25587424 -10.83206551]_[-5.96530866 -4.27704587 -4.42927483  0.87494894  4.64386076  3.94404887
 -1.23254805 -6.06519623 -2.27253176 -1.57298349] 

drones next lat [48.33578332 48.33579809 48.3357964  48.33584406 48.33587797 48.33587131
 48.33582487 48.33578127 48.33581514 48.335821  ] drones next lon [14.32681224 14.32674075 14.32668697 14.3266766  14.32667554 14.32661452
 14.32663622 14.3266166  14.32657335 14.32649803] 
WayPoint_Count 11 

Leader Index 4 

Leader Contour 229.5 

Contour Threshold 95 

Converging Before Rutherford Scattering [10.8974448   6.91141536  2.11843187  3.1988438   2.85507517 -1.16859831
  0.1076599  -1.99487895 -3.75836977 -9.40431075]_[-5.50205569 -3.20698207 -2.948797    3.47584133  5.52275368  4.14513836
 -0.42565178 -4.95208685 -1.92957303  0.20286379] 

Minimum Distance Within Rutherford Scattering 4.2 

Converging After Rutherford Scattering [ 11.58057852   7.43707652   2.57142744   4.02112925   3.14341946
  -1.88366802  -0.05906874  -2.29320089  -4.66937624 -10.08560418]_[-5.8729778  -3.30350257 -3.6967682   3.22997788  7.06452036  4.87592431
 -0.18525851 -6.08707326 -1.95271359  0.30932213] 

drones next lat [48.33578408 48.33580687 48.33580295 48.33586538 48.3358998  48.33587972
 48.33583433 48.33578106 48.33581807 48.33583799] drones next lon [14.32680095 14.32674474 14.32667913 14.32669787 14.32668558 14.32661801
 14.32664322 14.32661378 14.32658123 14.32650788] 
WayPoint_Count 12 

Leader Index 5 

Leader Contour 222.0 

Contour Threshold 95 

Converging Before Rutherford Scattering [11.00664659  6.76401841  2.53224641  2.77942598  2.19984448 -2.49279612
 -0.71282618 -3.20518095 -4.17623417 -7.50612108]_[-4.47779241 -2.54179843 -1.45288995  3.03831548  5.81056254  4.08285246
  0.6965121  -4.25138397  0.86410806  0.72756193] 

Minimum Distance Within Rutherford Scattering 4.2 

Converging After Rutherford Scattering [11.70764328  7.32377907  2.84061613  3.65439258  2.49340013 -2.97543729
 -0.66803843 -3.53132313 -4.82476501 -8.83124397]_[-4.80940078 -2.78585799 -2.19540038  3.18686225  7.16826841  5.21996152
  0.47227118 -5.18777041  0.70969271  0.71742129] 

drones next lat [48.33579366 48.33581152 48.33581648 48.33586496 48.33590069 48.33588273
 48.3358402  48.33578905 48.33584201 48.33584176] drones next lon [14.32680254 14.32674315 14.32668259 14.32669293 14.32667679 14.32660324
 14.32663493 14.32659697 14.32657882 14.32652476] 
WayPoint_Count 13 

Leader Index 5 

Leader Contour 255.5 

Contour Threshold 95 

Converging Before Rutherford Scattering [10.8901915   4.74484082  1.88521775  0.96050857  0.0488162  -2.81361552
 -0.86747511 -4.15508427 -3.7767315  -7.01595366]_[-4.23301962 -1.54332495  0.33862021  4.39679415  7.32518344  6.20678152
  1.53307579 -3.87360374  3.5174224   0.96327492] 

Minimum Distance Within Rutherford Scattering 4.2 

Converging After Rutherford Scattering [11.37937102  5.64331094  2.45622793  1.9577611   0.61044256 -3.59994243
 -1.24158804 -4.44870538 -4.72465052 -8.13151241]_[-4.47148633 -2.18514238 -0.13783746  4.77804885  8.79683187  7.41573316
  0.94366535 -4.69547863  3.53626981  0.6505999 ] 

drones next lat [48.33579668 48.33581679 48.33583496 48.33587914 48.33591519 48.33590243
 48.33584439 48.33579341 48.33586744 48.33584121] drones next lon [14.32679807 14.3267204  14.32667716 14.32666985 14.32665119 14.32659455
 14.32662714 14.32658453 14.32657983 14.32653421] 
WayPoint_Count 14 

Leader Index 4 

Leader Contour 179.0 

Contour Threshold 95 

Converging Before Rutherford Scattering [ 9.26379583  5.47836618  2.93759976  0.82873578 -0.11570444 -1.70820962
  0.03513513 -2.94891096 -2.51804827 -7.53078419]_[-3.43688268  0.37692063  2.28448627  7.54418383  9.48437135  9.03905988
  2.31455283 -2.21961816  4.31782039  1.50795624] 

Minimum Distance Within Rutherford Scattering 4.2 

Converging After Rutherford Scattering [ 9.81139614  6.37445457  3.62949984  1.78052628  0.60695238 -3.19264585
 -0.23268935 -3.23986396 -3.45033811 -8.36531676]_[-3.90901812 -0.13655422  2.46536829  7.45421381 11.25159362  9.68226709
  1.66670755 -3.06620812  4.45897681  1.34550386] 

drones next lat [48.33580161 48.33583528 48.33585847 48.3359032  48.33593727 48.33592285
 48.33585098 48.33580816 48.33587584 48.33584745] drones next lon [14.32677684 14.32673002 14.32669268 14.32666714 14.32665086 14.32659978
 14.32664066 14.32660065 14.32659692 14.32653097] 
WayPoint_Count 15 

Leader Index 4 

Leader Contour 241.0 

Contour Threshold 95 

Converging Before Rutherford Scattering [ 9.50247405  4.64995468  3.76821736  0.62279258 -0.11492189 -0.41420704
 -1.01728365 -2.95006532 -1.61161422 -6.41528064]_[-2.88392843  1.07657562  4.97057703 10.18862529 11.94361785 10.81356084
  3.94205319 -0.16131443  5.59391842  2.03347719] 

Minimum Distance Within Rutherford Scattering 4.2 

Converging After Rutherford Scattering [ 9.94711594  5.11412749  4.57896469  2.13882519  0.16276318 -2.10523072
 -0.76724753 -3.15589597 -2.48374274 -7.40961362]_[-3.25051441  0.44187527  5.19781818 10.03605312 14.180353   10.93883759
  2.95899938 -1.19366775  6.30103759  1.90637059] 

drones next lat [48.33580755 48.33584038 48.33588312 48.33592646 48.33596358 48.33593424
 48.33586256 48.33582501 48.33589249 48.33585257] drones next lon [14.3267786  14.32671295 14.32670517 14.32667167 14.32664452 14.3266143
 14.3266333  14.32660156 14.32660974 14.3265438 ] 
WayPoint_Count 16 

Leader Index 4 

Leader Contour 250.5 

Contour Threshold 95 

Converging Before Rutherford Scattering [ 9.751239    4.98087568  2.71133925  1.8859864   0.41050932 -0.13428385
 -0.13849257 -1.82175118 -0.89869552 -5.47036364]_[-2.12840026  1.48487937  6.82132434 11.04735867 13.21152802 13.14358544
  4.06610226  1.17117866  7.87941877  3.15084346] 

Minimum Distance Within Rutherford Scattering 4.2 

Converging After Rutherford Scattering [10.20461275  5.45686233  3.68906012  2.83015587  1.7067571  -2.12219897
 -0.12124962 -2.15183111 -1.74033843 -6.47546714]_[-2.49060707e+00  1.04801022e+00  6.72230528e+00  1.10885811e+01
  1.48607678e+01  1.37745477e+01  3.70190620e+00 -1.20038764e-03
  8.12038335e+00  3.02312467e+00] 

drones next lat [48.3358144  48.33584586 48.33589677 48.33593598 48.33596982 48.33595975
 48.3358693  48.33583582 48.33590892 48.33586269] drones next lon [14.32678198 14.3267175  14.32669298 14.32668087 14.32666527 14.32661373
 14.32664193 14.32661497 14.32661956 14.32655627] 
WayPoint_Count 17 

Leader Index 4 

Leader Contour 236.5 

Contour Threshold 95 

Converging Before Rutherford Scattering [ 8.33667058  5.32747981  2.42507307  1.44144065  0.78468175 -0.48568688
 -0.32612129 -2.63241178 -0.70222968 -4.979656  ]_[-0.8471528   3.896976    8.05326452 13.58078761 15.24777817 13.36261879
  6.52472159  2.11728885  8.90919447  5.60184248] 

Minimum Distance Within Rutherford Scattering 4.2 

Converging After Rutherford Scattering [ 8.74158245  5.90866043  3.53656007  2.86536686  0.82740562 -1.8560812
 -0.4225937  -2.91100921 -1.42924076 -6.07141033]_[-1.33620659  3.53743408  8.13790402 13.61362142 17.21106753 13.74525311
  5.51980082  1.09953815  9.4013596   5.51754754] 

drones next lat [48.33582467 48.33586829 48.33590949 48.3359587  48.3359909  48.33595951
 48.33588563 48.33584566 48.33592046 48.33588516] drones next lon [14.3267621  14.3267233  14.32669075 14.32668105 14.32665312 14.32661733
 14.32663764 14.32660459 14.3266236  14.32656143] 
WayPoint_Count 18 

Leader Index 4 

Leader Contour 231.5 

Contour Threshold 95 

Converging Before Rutherford Scattering [ 7.97814579  4.55049276  3.92407432  2.0666418   1.59126739 -1.38849101
 -1.01286064 -2.75365794 -1.49531997 -5.9989549 ]_[-0.49644326  4.66222526 10.33522196 14.3714445  17.85644741 14.67303346
  6.91233914  2.09219149 12.106348    6.90960039] 

Minimum Distance Within Rutherford Scattering 4.2 

Converging After Rutherford Scattering [ 8.32464093  4.96607662  4.70064742  2.85103495  1.83810676 -2.24852313
 -1.04735157 -3.00817511 -2.07159035 -6.84352893]_[-0.920799    4.3031178  10.21219522 14.64455697 19.08002859 15.69709783
  6.57833765  1.3297806  11.69081699  6.80727572] 

drones next lat [48.33582838 48.33587511 48.33592824 48.33596797 48.33600779 48.33597704
 48.3358951  48.33584773 48.33594101 48.3358967 ] drones next lon [14.32675643 14.3267105  14.32670621 14.32668073 14.32666654 14.3266118
 14.32662909 14.32660325 14.32661466 14.32655086] 
WayPoint_Count 19 

Leader Index 4 

Leader Contour 258.0 

Contour Threshold 95 

Converging Before Rutherford Scattering [ 8.63649078  4.70753647  3.37190768  2.63856525  2.09151848  0.28644695
  0.22735503 -1.4818314  -1.21117056 -6.33357265]_[ 1.35213328  7.24757493 11.41570696 15.62183622 20.04738711 17.07861529
  7.96185594  3.28840967 14.45580247  9.2041873 ] 

Minimum Distance Within Rutherford Scattering 4.2 

Converging After Rutherford Scattering [ 8.97959572  5.37738192  3.94498337  3.62963143  2.46910695 -0.39791132
 -0.12145218 -1.77707528 -2.15638197 -7.01463261]_[ 0.96595794  6.74058408 11.37747928 15.84871543 21.25927676 17.9663283
  7.65267425  2.55182871 14.20831598  9.10234843] 

drones next lat [48.3358454  48.33589707 48.33593867 48.33597886 48.33602745 48.3359976
 48.33590484 48.33585882 48.33596365 48.33591733] drones next lon [14.32676504 14.32671576 14.32669588 14.3266911  14.3266748  14.3266365
 14.32664145 14.32661972 14.32661322 14.32654828] 
WayPoint_Count 20 

Leader Index 4 

Leader Contour 220.0 

Contour Threshold 95 

Converging Before Rutherford Scattering [ 7.61433294  4.81254145  2.74727865  2.57650162  1.88762472  0.51619917
 -0.63831518 -2.10622314 -1.85395689 -6.78439548]_[ 2.21381843  9.68672113 12.92437927 17.03064633 22.07283587 18.55785414
 10.0715359   3.86640626 16.48772354 10.6677944 ] 

Minimum Distance Within Rutherford Scattering 4.2 

Converging After Rutherford Scattering [ 7.89001554  5.56296214  3.09452595  3.65433529  2.17215663  0.06210912
 -0.99969926 -2.31105315 -2.89871155 -7.45505285]_[ 1.84700484  9.12876152 12.84620311 17.21329294 23.21405222 19.41075108
  9.62642197  3.29092227 16.44517166 10.55713365] 

drones next lat [48.33585324 48.33591856 48.33595181 48.33599114 48.33604501 48.33601063
 48.33592252 48.33586542 48.33598371 48.33593039] drones next lon [14.32675024 14.32671798 14.32668423 14.32669127 14.32667056 14.32664254
 14.32662937 14.32661243 14.32660294 14.32654216] 
WayPoint_Count 21 

Leader Index 4 

Leader Contour 255.0 

Contour Threshold 95 

Converging Before Rutherford Scattering [ 6.37372232  5.09719228  3.88360756  2.50146716  1.25076821  1.04350591
  0.36482553 -0.87199189 -0.93198743 -6.09221725]_[ 3.74112296 10.07321457 14.58095567 19.89432556 22.82540923 20.15969291
 11.1591751   5.24665921 17.40490078 13.13735123] 

Minimum Distance Within Rutherford Scattering 4.2 

Converging After Rutherford Scattering [ 6.69470483  5.73508186  4.49410436  4.11087336  1.24836668  0.04701188
  0.01115809 -1.16968231 -1.7735063  -6.77922006]_[ 3.24108751  9.67877388 14.63227346 20.03414879 24.4302947  20.60860006
 10.81224775  4.66739601 17.09567824 13.02230681] 

drones next lat [48.33586569 48.33592353 48.33596799 48.33601655 48.33605588 48.3360214
 48.33593327 48.3358779  48.33598966 48.33595262] drones next lon [14.32673394 14.32672023 14.3267029  14.32669709 14.32665795 14.32664219
 14.32664287 14.32662767 14.32661805 14.32655099] 
WayPoint_Count 22 

Leader Index 4 

Leader Contour 248.5 

Contour Threshold 95 

Converging Before Rutherford Scattering [ 6.41997989  4.22881117  3.27283608  2.06941017  2.19422516 -0.32638144
 -0.73841964 -0.26135118 -1.88557518 -6.54070147]_[ 4.20334227 11.21053256 17.33649678 21.39834976 24.75487403 22.28642405
 13.17025066  5.90613738 18.45885158 15.0671394 ] 

Minimum Distance Within Rutherford Scattering 4.2 

Converging After Rutherford Scattering [ 6.74274177  4.74457355  3.98271234  2.94280431  2.63909197 -1.30678211
 -0.99829885 -0.51113248 -2.50918662 -7.29369033]_[ 3.79955798 10.91645925 17.07381293 21.48038805 26.01880745 23.04283399
 12.73573876  5.4064621  18.40127557 14.91706238] 

drones next lat [48.33587072 48.33593458 48.33598991 48.33602947 48.33607028 48.33604319
 48.33595049 48.3358846  48.33600134 48.33596962] drones next lon [14.32673453 14.32670672 14.32669571 14.32668116 14.32667653 14.32662364
 14.32662902 14.32663646 14.32660796 14.32654382] 
WayPoint_Count 23 

Leader Index 5 

Leader Contour 95.0 

Contour Threshold 95 

Converging Before Rutherford Scattering [ 5.04682469  2.87487137  3.52051937  0.4123059   1.85814791 -1.8866827
 -0.59229294 -1.54863128 -1.36540629 -6.9569195 ]_[ 6.0267544  12.49127541 19.07372319 21.41350607 24.2362319  22.22814675
 15.61971387  7.08426615 19.57085673 15.99973399] 

Minimum Distance Within Rutherford Scattering 4.2 

Converging After Rutherford Scattering [ 5.39346719  3.38598051  4.65971431  1.06980673  2.52244923 -3.13346786
 -0.80099814 -1.84277702 -2.17820904 -7.71322939]_[ 5.5740855  12.05602106 18.90781925 21.77100257 25.58013293 23.42362439
 14.93947263  6.59829582 19.07890757 15.81484673] 

drones next lat [48.33588657 48.33594473 48.33600647 48.33603194 48.33606632 48.33604647
 48.33597033 48.33589522 48.33600746 48.33597766] drones next lon [14.32671611 14.32668826 14.32670463 14.32665586 14.326675   14.32659895
 14.32663142 14.32661835 14.32661235 14.32653806] 
WayPoint_Count 24 

Leader Index 7 

Leader Contour 70.5 

Contour Threshold 95 

Previous Drone Positions [ 5.39346719  3.38598051  4.65971431  1.06980673  2.52244923 -3.13346786
 -0.80099814 -1.84277702 -2.17820904 -7.71322939]_[ 5.5740855  12.05602106 18.90781925 21.77100257 25.58013293 23.42362439
 14.93947263  6.59829582 19.07890757 15.81484673] 

Mean Previous Drone Positions [0.13627365 0.13627365 0.13627365 0.13627365 0.13627365 0.13627365
 0.13627365 0.13627365 0.13627365 0.13627365]_[16.37442085 16.37442085 16.37442085 16.37442085 16.37442085 16.37442085
 16.37442085 16.37442085 16.37442085 16.37442085] 

relative Drone Positions [ 18.9  14.7  10.5   6.3   2.1  -2.1  -6.3 -10.5 -14.7 -18.9]_[-0. -0. -0. -0.  0.  0.  0.  0.  0.  0.] 

current starting Drone Positions [ 19.03627365  14.83627365  10.63627365   6.43627365   2.23627365
  -1.96372635  -6.16372635 -10.36372635 -14.56372635 -18.76372635]_[16.37442085 16.37442085 16.37442085 16.37442085 16.37442085 16.37442085
 16.37442085 16.37442085 16.37442085 16.37442085] 

scanning direction vector [0. 0. 0. 0. 0. 0. 0. 0. 0. 0.]_[2. 2. 2. 2. 2. 2. 2. 2. 2. 2.] 

changing back speed 0.3 

velocity vector [ 4.09284194  3.43508794  1.7929678   1.60994008 -0.08585267  0.35092245
 -1.60881846 -2.5562848  -3.71565519 -3.31514909]_[ 5.2401006   3.29551994  1.23998048  0.38102548 -0.76171362 -0.11476106
  2.43048447  4.93283751  1.18865398  2.16787223] 

Moving Straight [  9.48630913   6.82106846   6.45268212   2.67974681   2.43659656
  -2.78254541  -2.4098166   -4.39906182  -5.89386423 -11.02837848]_[10.81418611 15.351541   20.14779973 22.15202805 24.8184193  23.30886333
 17.36995709 11.53113333 20.26756155 17.98271897] 

drones next lat [48.33593404 48.33597464 48.33601776 48.33603549 48.33605946 48.33604547
 48.33599207 48.33593939 48.33601786 48.3359969 ] drones next lon [14.32677071 14.32673421 14.32672868 14.32667753 14.32667394 14.3266037
 14.32660943 14.32658328 14.32656208 14.32649307] 
WayPoint_Count 25 

Leader Index 6 

Leader Contour 114.5 

Contour Threshold 95 

Converging Before Rutherford Scattering [ 6.98212445  5.04770425  3.88370419  1.84367812  0.38582323 -3.65725076
 -3.2644649  -4.36280098 -4.60505165 -9.63938153]_[12.43801043 14.79518512 18.79881814 21.56595275 22.86210423 21.31913131
 16.85074973 12.63089373 19.95722989 17.04539154] 

Minimum Distance Within Rutherford Scattering 4.2 

Converging After Rutherford Scattering [  7.7783041    5.13945736   4.70565085   2.7122136    0.15829572
  -3.79745194  -3.10991032  -4.62092699  -5.84806479 -10.50348317]_[11.56589787 14.52684218 18.71737382 21.83564605 24.39343727 22.67901934
 16.24397794 11.70342455 19.70476536 16.89308251] 

drones next lat [48.33594066 48.33596709 48.33600476 48.33603265 48.33605546 48.33603972
 48.33598189 48.33594092 48.3360128  48.33598714] drones next lon [14.32674758 14.32671162 14.32670527 14.32667801 14.32664325 14.32659008
 14.32660012 14.32658027 14.32656276 14.32650028] 
WayPoint_Count 26 

Leader Index 5 

Leader Contour 141.5 

Contour Threshold 95 

Converging Before Rutherford Scattering [ 6.50041637  3.49985317  2.4163944   0.64540075 -2.45051111 -3.73768173
 -4.30290354 -5.46327223 -4.42890409 -8.62908896]_[13.93730378 14.88790499 18.68276274 23.08912963 22.96461695 23.67723151
 18.4290996  13.82421138 22.31019369 17.26668677] 

Minimum Distance Within Rutherford Scattering 4.2 

Converging After Rutherford Scattering [ 7.52952203  3.38554408  2.96384845  1.95542721 -1.68038187 -4.55727811
 -4.31689916 -5.6470858  -5.90302767 -9.67996611]_[13.45415507 14.25097924 18.77764735 23.87116942 23.07187338 25.8687717
 17.82472324 12.86468688 22.00767887 17.0774559 ] 

drones next lat [48.33595763 48.33596447 48.33600516 48.3360509  48.33604342 48.33606836
 48.33599601 48.33595129 48.33603352 48.33598887] drones next lon [14.326744   14.32668799 14.32668177 14.32666756 14.32661859 14.32657945
 14.32658364 14.32656628 14.32656175 14.32651137] 
WayPoint_Count 27 

Leader Index 1 

Leader Contour 84.0 

Contour Threshold 95 

Previous Drone Positions [ 7.52952203  3.38554408  2.96384845  1.95542721 -1.68038187 -4.55727811
 -4.31689916 -5.6470858  -5.90302767 -9.67996611]_[13.45415507 14.25097924 18.77764735 23.87116942 23.07187338 25.8687717
 17.82472324 12.86468688 22.00767887 17.0774559 ] 

Mean Previous Drone Positions [-1.5950297 -1.5950297 -1.5950297 -1.5950297 -1.5950297 -1.5950297
 -1.5950297 -1.5950297 -1.5950297 -1.5950297]_[18.9069141 18.9069141 18.9069141 18.9069141 18.9069141 18.9069141
 18.9069141 18.9069141 18.9069141 18.9069141] 

relative Drone Positions [ 18.9  14.7  10.5   6.3   2.1  -2.1  -6.3 -10.5 -14.7 -18.9]_[-0. -0. -0. -0.  0.  0.  0.  0.  0.  0.] 

current starting Drone Positions [ 17.3049703  13.1049703   8.9049703   4.7049703   0.5049703  -3.6950297
  -7.8950297 -12.0950297 -16.2950297 -20.4950297]_[18.9069141 18.9069141 18.9069141 18.9069141 18.9069141 18.9069141
 18.9069141 18.9069141 18.9069141 18.9069141] 

scanning direction vector [0. 0. 0. 0. 0. 0. 0. 0. 0. 0.]_[2. 2. 2. 2. 2. 2. 2. 2. 2. 2.] 

changing back speed 0.3 

velocity vector [ 2.93263448  2.91582787  1.78233656  0.82486293  0.65560565  0.25867453
 -1.07343916 -1.93438317 -3.11760061 -3.24451908]_[ 3.63582771  3.39678046  2.03878003  0.51072341  0.75051222 -0.08855728
  2.32465726  3.81266817  1.06977057  2.54883746] 

Moving Straight [ 10.46215651   6.30137194   4.74618501   2.78029014  -1.02477622
  -4.29860359  -5.39033832  -7.58146897  -9.02062828 -12.92448518]_[17.08998278 17.6477597  20.81642737 24.38189282 23.8223856  25.78021442
 20.1493805  16.67735505 23.07744944 19.62629336] 

drones next lat [48.33599057 48.33599526 48.33602364 48.33605556 48.33605023 48.33606758
 48.33601684 48.33598543 48.3360429  48.33601154] drones next lon [14.32678314 14.32672693 14.32670557 14.32667862 14.32662735 14.32658295
 14.32656888 14.32653973 14.32651955 14.32646729] 
WayPoint_Count 28 

Leader Index 9 

Leader Contour 56.5 

Contour Threshold 95 

Previous Drone Positions [ 10.46215651   6.30137194   4.74618501   2.78029014  -1.02477622
  -4.29860359  -5.39033832  -7.58146897  -9.02062828 -12.92448518]_[17.08998278 17.6477597  20.81642737 24.38189282 23.8223856  25.78021442
 20.1493805  16.67735505 23.07744944 19.62629336] 

Mean Previous Drone Positions [-1.5950297 -1.5950297 -1.5950297 -1.5950297 -1.5950297 -1.5950297
 -1.5950297 -1.5950297 -1.5950297 -1.5950297]_[20.9069141 20.9069141 20.9069141 20.9069141 20.9069141 20.9069141
 20.9069141 20.9069141 20.9069141 20.9069141] 

relative Drone Positions [ 18.9  14.7  10.5   6.3   2.1  -2.1  -6.3 -10.5 -14.7 -18.9]_[-0. -0. -0. -0.  0.  0.  0.  0.  0.  0.] 

current starting Drone Positions [ 17.3049703  13.1049703   8.9049703   4.7049703   0.5049703  -3.6950297
  -7.8950297 -12.0950297 -16.2950297 -20.4950297]_[20.9069141 20.9069141 20.9069141 20.9069141 20.9069141 20.9069141
 20.9069141 20.9069141 20.9069141 20.9069141] 

scanning direction vector [0. 0. 0. 0. 0. 0. 0. 0. 0. 0.]_[2. 2. 2. 2. 2. 2. 2. 2. 2. 2.] 

changing back speed 0.3 

velocity vector [ 2.05284414  2.04107951  1.24763559  0.57740405  0.45892396  0.18107217
 -0.75140741 -1.35406822 -2.18232043 -2.27116335]_[3.1450794  2.97774632 2.02714602 0.95750638 1.12535855 0.5380099
 2.22726008 3.26886772 1.3488394  2.38418622] 

Moving Straight [ 12.51500065   8.34245145   5.9938206    3.35769419  -0.56585226
  -4.11753142  -6.14174573  -8.93553719 -11.2029487  -15.19564854]_[20.23506218 20.62550602 22.84357339 25.33939921 24.94774415 26.31822433
 22.37664058 19.94622277 24.42628884 22.01047958] 

drones next lat [48.33601903 48.33602221 48.33604198 48.33606422 48.33606039 48.33607244
 48.33603682 48.33601473 48.33605486 48.33603281] drones next lon [14.32681046 14.32675412 14.32672217 14.3266863  14.32663341 14.32658533
 14.32655848 14.32652107 14.32648995 14.32643636] 
WayPoint_Count 29 

Leader Index 6 

Leader Contour 72.0 

Contour Threshold 95 

Previous Drone Positions [ 12.51500065   8.34245145   5.9938206    3.35769419  -0.56585226
  -4.11753142  -6.14174573  -8.93553719 -11.2029487  -15.19564854]_[20.23506218 20.62550602 22.84357339 25.33939921 24.94774415 26.31822433
 22.37664058 19.94622277 24.42628884 22.01047958] 

Mean Previous Drone Positions [-1.5950297 -1.5950297 -1.5950297 -1.5950297 -1.5950297 -1.5950297
 -1.5950297 -1.5950297 -1.5950297 -1.5950297]_[22.9069141 22.9069141 22.9069141 22.9069141 22.9069141 22.9069141
 22.9069141 22.9069141 22.9069141 22.9069141] 

relative Drone Positions [ 18.9  14.7  10.5   6.3   2.1  -2.1  -6.3 -10.5 -14.7 -18.9]_[-0. -0. -0. -0.  0.  0.  0.  0.  0.  0.] 

current starting Drone Positions [ 17.3049703  13.1049703   8.9049703   4.7049703   0.5049703  -3.6950297
  -7.8950297 -12.0950297 -16.2950297 -20.4950297]_[22.9069141 22.9069141 22.9069141 22.9069141 22.9069141 22.9069141
 22.9069141 22.9069141 22.9069141 22.9069141] 

scanning direction vector [0. 0. 0. 0. 0. 0. 0. 0. 0. 0.]_[2. 2. 2. 2. 2. 2. 2. 2. 2. 2.] 

changing back speed 0.3 

velocity vector [ 1.4369909   1.42875566  0.87334491  0.40418284  0.32124677  0.12675052
 -0.52598519 -0.94784775 -1.5276243  -1.58981435]_[2.80155558 2.68442242 2.01900221 1.27025447 1.38775099 0.97660693
 2.15908206 2.8882074  1.54418758 2.26893036] 

Moving Straight [ 13.95199154   9.77120711   6.86716551   3.76187702  -0.24460549
  -3.9907809   -6.66773092  -9.88338494 -12.730573   -16.78546289]_[23.03661775 23.30992845 24.86257561 26.60965368 26.33549513 27.29483126
 24.53572264 22.83443017 25.97047642 24.27940994] 

drones next lat [48.33604434 48.33604647 48.33606021 48.33607568 48.3360729  48.33608123
 48.3360562  48.33604064 48.33606863 48.33605309] drones next lon [14.32682952 14.32677308 14.32673371 14.32669161 14.32663758 14.32658692
 14.32655113 14.32650794 14.32646916 14.32641464] 
WayPoint_Count 30 

Leader Index 6 

Leader Contour 91.5 

Contour Threshold 95 

Previous Drone Positions [ 13.95199154   9.77120711   6.86716551   3.76187702  -0.24460549
  -3.9907809   -6.66773092  -9.88338494 -12.730573   -16.78546289]_[23.03661775 23.30992845 24.86257561 26.60965368 26.33549513 27.29483126
 24.53572264 22.83443017 25.97047642 24.27940994] 

Mean Previous Drone Positions [-1.5950297 -1.5950297 -1.5950297 -1.5950297 -1.5950297 -1.5950297
 -1.5950297 -1.5950297 -1.5950297 -1.5950297]_[24.9069141 24.9069141 24.9069141 24.9069141 24.9069141 24.9069141
 24.9069141 24.9069141 24.9069141 24.9069141] 

relative Drone Positions [ 18.9  14.7  10.5   6.3   2.1  -2.1  -6.3 -10.5 -14.7 -18.9]_[-0. -0. -0. -0.  0.  0.  0.  0.  0.  0.] 

current starting Drone Positions [ 17.3049703  13.1049703   8.9049703   4.7049703   0.5049703  -3.6950297
  -7.8950297 -12.0950297 -16.2950297 -20.4950297]_[24.9069141 24.9069141 24.9069141 24.9069141 24.9069141 24.9069141
 24.9069141 24.9069141 24.9069141 24.9069141] 

scanning direction vector [0. 0. 0. 0. 0. 0. 0. 0. 0. 0.]_[2. 2. 2. 2. 2. 2. 2. 2. 2. 2.] 

changing back speed 0.3 

velocity vector [ 1.00589363  1.00012896  0.61134144  0.28292798  0.22487274  0.08872536
 -0.36818963 -0.66349343 -1.06933701 -1.11287004]_[2.5610889  2.4790957  2.01330155 1.48917813 1.57142569 1.28362485
 2.11135744 2.62174518 1.68093131 2.18825125] 

Moving Straight [ 14.95788517  10.77133607   7.47850695   4.04480501  -0.01973275
  -3.90205554  -7.03592055 -10.54687837 -13.79991001 -17.89833293]_[25.59770666 25.78902414 26.87587715 28.0988318  27.90692083 28.57845611
 26.64708008 25.45617535 27.65140772 26.46766119] 

drones next lat [48.33606746 48.33606885 48.33607837 48.3360891  48.33608705 48.33609279
 48.33607516 48.33606417 48.33608367 48.33607269] drones next lon [14.32684279 14.32678628 14.32674172 14.32669525 14.32664043 14.32658797
 14.32654591 14.32649868 14.32645453 14.32639937] 
WayPoint_Count 31 

Leader Index 4 

Leader Contour 26.5 

Contour Threshold 95 

Previous Drone Positions [ 14.95788517  10.77133607   7.47850695   4.04480501  -0.01973275
  -3.90205554  -7.03592055 -10.54687837 -13.79991001 -17.89833293]_[25.59770666 25.78902414 26.87587715 28.0988318  27.90692083 28.57845611
 26.64708008 25.45617535 27.65140772 26.46766119] 

Mean Previous Drone Positions [-1.5950297 -1.5950297 -1.5950297 -1.5950297 -1.5950297 -1.5950297
 -1.5950297 -1.5950297 -1.5950297 -1.5950297]_[26.9069141 26.9069141 26.9069141 26.9069141 26.9069141 26.9069141
 26.9069141 26.9069141 26.9069141 26.9069141] 

relative Drone Positions [ 18.9  14.7  10.5   6.3   2.1  -2.1  -6.3 -10.5 -14.7 -18.9]_[-0. -0. -0. -0.  0.  0.  0.  0.  0.  0.] 

current starting Drone Positions [ 17.3049703  13.1049703   8.9049703   4.7049703   0.5049703  -3.6950297
  -7.8950297 -12.0950297 -16.2950297 -20.4950297]_[26.9069141 26.9069141 26.9069141 26.9069141 26.9069141 26.9069141
 26.9069141 26.9069141 26.9069141 26.9069141] 

scanning direction vector [0. 0. 0. 0. 0. 0. 0. 0. 0. 0.]_[2. 2. 2. 2. 2. 2. 2. 2. 2. 2.] 

changing back speed 0.3 

velocity vector [ 0.70412554  0.70009027  0.42793901  0.19804959  0.15741092  0.06210775
 -0.25773274 -0.4644454  -0.74853591 -0.77900903]_[2.39276223 2.33536699 2.00931108 1.64242469 1.69999798 1.4985374
 2.07795021 2.43522163 1.77665191 2.13177587] 

Moving Straight [ 15.66201071  11.47142634   7.90644595   4.2428546    0.13767816
  -3.83994779  -7.2936533  -11.01132377 -14.54844592 -18.67734196]_[27.99046889 28.12439113 28.88518824 29.74125649 29.60691881 30.07699351
 28.72503028 27.89139697 29.42805964 28.59943706] 

drones next lat [48.33608904 48.33608992 48.33609648 48.33610389 48.33610236 48.33610627
 48.33609384 48.33608604 48.33609959 48.33609181] drones next lon [14.326852   14.32679545 14.32674726 14.32669772 14.32664235 14.32658863
 14.32654219 14.32649212 14.32644422 14.32638861] 
WayPoint_Count 32 

Leader Index 7 

Leader Contour 87.5 

Contour Threshold 95 

Previous Drone Positions [ 15.66201071  11.47142634   7.90644595   4.2428546    0.13767816
  -3.83994779  -7.2936533  -11.01132377 -14.54844592 -18.67734196]_[27.99046889 28.12439113 28.88518824 29.74125649 29.60691881 30.07699351
 28.72503028 27.89139697 29.42805964 28.59943706] 

Mean Previous Drone Positions [-1.5950297 -1.5950297 -1.5950297 -1.5950297 -1.5950297 -1.5950297
 -1.5950297 -1.5950297 -1.5950297 -1.5950297]_[28.9069141 28.9069141 28.9069141 28.9069141 28.9069141 28.9069141
 28.9069141 28.9069141 28.9069141 28.9069141] 

relative Drone Positions [ 18.9  14.7  10.5   6.3   2.1  -2.1  -6.3 -10.5 -14.7 -18.9]_[-0. -0. -0. -0.  0.  0.  0.  0.  0.  0.] 

current starting Drone Positions [ 17.3049703  13.1049703   8.9049703   4.7049703   0.5049703  -3.6950297
  -7.8950297 -12.0950297 -16.2950297 -20.4950297]_[28.9069141 28.9069141 28.9069141 28.9069141 28.9069141 28.9069141
 28.9069141 28.9069141 28.9069141 28.9069141] 

scanning direction vector [0. 0. 0. 0. 0. 0. 0. 0. 0. 0.]_[2. 2. 2. 2. 2. 2. 2. 2. 2. 2.] 

changing back speed 0.3 

velocity vector [ 0.49288788  0.49006319  0.2995573   0.13863471  0.11018764  0.04347543
 -0.18041292 -0.32511178 -0.52397513 -0.54530632]_[2.27493356 2.23475689 2.00651776 1.74969728 1.78999859 1.64897618
 2.05456515 2.30465514 1.84365634 2.09224311] 

Moving Straight [ 16.15489859  11.96148953   8.20600326   4.38148931   0.24786581
  -3.79647236  -7.47406622 -11.33643554 -15.07242105 -19.22264828]_[30.26540246 30.35914802 30.891706   31.49095378 31.3969174  31.72596969
 30.77959543 30.19605211 31.27171598 30.69168018] 

drones next lat [48.33610955 48.33611006 48.33611455 48.33611964 48.33611847 48.33612111
 48.33611231 48.33610675 48.33611613 48.33611059] drones next lon [14.32685839 14.32680179 14.32675106 14.32669939 14.32664362 14.32658902
 14.32653951 14.32648747 14.32643693 14.326381  ] 
WayPoint_Count 33 

Leader Index 3 

Leader Contour 92.5 

Contour Threshold 95 

Previous Drone Positions [ 16.15489859  11.96148953   8.20600326   4.38148931   0.24786581
  -3.79647236  -7.47406622 -11.33643554 -15.07242105 -19.22264828]_[30.26540246 30.35914802 30.891706   31.49095378 31.3969174  31.72596969
 30.77959543 30.19605211 31.27171598 30.69168018] 

Mean Previous Drone Positions [-1.5950297 -1.5950297 -1.5950297 -1.5950297 -1.5950297 -1.5950297
 -1.5950297 -1.5950297 -1.5950297 -1.5950297]_[30.9069141 30.9069141 30.9069141 30.9069141 30.9069141 30.9069141
 30.9069141 30.9069141 30.9069141 30.9069141] 

relative Drone Positions [ 18.9  14.7  10.5   6.3   2.1  -2.1  -6.3 -10.5 -14.7 -18.9]_[-0. -0. -0. -0.  0.  0.  0.  0.  0.  0.] 

current starting Drone Positions [ 17.3049703  13.1049703   8.9049703   4.7049703   0.5049703  -3.6950297
  -7.8950297 -12.0950297 -16.2950297 -20.4950297]_[30.9069141 30.9069141 30.9069141 30.9069141 30.9069141 30.9069141
 30.9069141 30.9069141 30.9069141 30.9069141] 

scanning direction vector [0. 0. 0. 0. 0. 0. 0. 0. 0. 0.]_[2. 2. 2. 2. 2. 2. 2. 2. 2. 2.] 

changing back speed 0.3 

velocity vector [ 0.34502151  0.34304423  0.20969011  0.0970443   0.07713135  0.0304328
 -0.12628904 -0.22757825 -0.36678259 -0.38171442]_[2.19245349 2.16432982 2.00456243 1.8247881  1.85299901 1.75428332
 2.0381956  2.2132586  1.89055944 2.06457018] 

Moving Straight [ 16.4999201   12.30453376   8.41569337   4.47853361   0.32499715
  -3.76603956  -7.60035526 -11.56401379 -15.43920364 -19.60436271]_[32.45785595 32.52347785 32.89626843 33.31574187 33.24991641 33.48025301
 32.81779103 32.40931071 33.16227542 32.75625035] 

drones next lat [48.3361293  48.33612956 48.3361326  48.33613607 48.33613515 48.33613689
 48.33613063 48.33612664 48.33613311 48.33612913] drones next lon [14.32686278 14.32680617 14.32675365 14.32670048 14.32664445 14.32658922
 14.32653756 14.32648413 14.32643176 14.32637561] 
WayPoint_Count 34 

Leader Index 5 

Leader Contour 134.0 

Contour Threshold 95 

Converging Before Rutherford Scattering [ 15.16006549  11.26170097   6.88601514   3.17162768  -1.01603347
  -3.173952    -6.45856464  -8.5917522  -14.14745223 -16.66527333]_[33.31198855 32.34136427 33.87575106 34.07687132 34.11727253 32.67437938
 32.59905841 32.8163221  33.92344168 32.50966153] 

Minimum Distance Within Rutherford Scattering 4.2 

Converging After Rutherford Scattering [ 15.90316731  11.48722627   7.30865603   3.32485521  -0.69111881
  -2.9894555   -6.40524662  -9.69199215 -14.20256035 -17.61714997]_[33.42786775 32.01210319 34.02605293 34.165576   34.88925698 31.95087346
 32.36432882 32.86012631 34.42660869 32.1233167 ] 

drones next lat [48.33613798 48.33612489 48.33614268 48.33614362 48.33614981 48.3361232
 48.33612665 48.33613085 48.33614458 48.33612359] drones next lon [14.32685461 14.3267952  14.32673858 14.32668481 14.32663054 14.32659988
 14.32655374 14.32650934 14.32644829 14.32640249] 
WayPoint_Count 35 

Leader Index 6 

Leader Contour 90.0 

Contour Threshold 95 

Previous Drone Positions [ 15.90316731  11.48722627   7.30865603   3.32485521  -0.69111881
  -2.9894555   -6.40524662  -9.69199215 -14.20256035 -17.61714997]_[33.42786775 32.01210319 34.02605293 34.165576   34.88925698 31.95087346
 32.36432882 32.86012631 34.42660869 32.1233167 ] 

Mean Previous Drone Positions [-1.35736186 -1.35736186 -1.35736186 -1.35736186 -1.35736186 -1.35736186
 -1.35736186 -1.35736186 -1.35736186 -1.35736186]_[33.22461108 33.22461108 33.22461108 33.22461108 33.22461108 33.22461108
 33.22461108 33.22461108 33.22461108 33.22461108] 

relative Drone Positions [ 18.9  14.7  10.5   6.3   2.1  -2.1  -6.3 -10.5 -14.7 -18.9]_[-0. -0. -0. -0.  0.  0.  0.  0.  0.  0.] 

current starting Drone Positions [ 17.54263814  13.34263814   9.14263814   4.94263814   0.74263814
  -3.45736186  -7.65736186 -11.85736186 -16.05736186 -20.25736186]_[33.22461108 33.22461108 33.22461108 33.22461108 33.22461108 33.22461108
 33.22461108 33.22461108 33.22461108 33.22461108] 

scanning direction vector [0. 0. 0. 0. 0. 0. 0. 0. 0. 0.]_[2. 2. 2. 2. 2. 2. 2. 2. 2. 2.] 

changing back speed 0.3 

velocity vector [ 0.49184125  0.55662356  0.55019463  0.48533488  0.43012708 -0.14037191
 -0.37563457 -0.64961091 -0.55644045 -0.79206357]_[1.939023   2.36375237 1.75956745 1.71771053 1.50060623 2.38212129
 2.25808468 2.10934543 1.63940072 2.33038831] 

Moving Straight [ 16.39500856  12.04384983   7.85885066   3.81019009  -0.26099172
  -3.12982741  -6.78088119 -10.34160306 -14.7590008  -18.40921353]_[35.36689075 34.37585556 35.78562038 35.88328652 36.38986321 34.33299474
 34.6224135  34.96947174 36.06600941 34.45370502] 

drones next lat [48.33615546 48.3361462  48.33615855 48.33615911 48.33616335 48.33614462
 48.33614693 48.33614977 48.33615929 48.33614449] drones next lon [14.32686102 14.32680243 14.3267458  14.32669116 14.32663617 14.3265977
 14.32654841 14.32650032 14.32644059 14.32639153] 
